1,0.023323255174649442,0.12330215407262851,0.09170731707317052,0.09999695304999999
2,0.015902609969115963,6.381965959161586e-05,0.10029535864978932,0.09998796205000005
3,0.01673275483345849,-0.20269947714507613,0.10751760563380354,0.09996785717500001
4,0.017738001914147067,-0.07703469618528831,0.09218487394957962,0.09995069935000002
5,0.01774359676799103,-0.2626724986656874,0.09218487394957961,0.09994475530000001
6,0.01677166822552681,-0.3413819564580917,0.09263999999999979,0.0999386614
7,0.01552804034948349,-0.429913224697113,0.09303999999999978,0.09993241765
8,0.015522979017823263,-0.36649055935834585,0.09383458646616519,0.0999259741
9,0.016051925824987785,-0.40520870633292616,0.092456140350877,0.09991980527500002
10,0.015296877587154027,-0.473279360080919,0.09338709677419335,0.09991386122500001
11,0.015193096743743927,-0.3648679031700384,0.0927049180327867,0.099907717375
12,0.014940934135977711,-0.4038766403992971,0.10071428571428583,0.099899425675
13,0.014674412139608123,-0.32258171884994197,0.09260162601625997,0.09989110900000002
14,0.014541879095429299,-0.22132051324977928,0.10338935574229745,0.09987912100000002
15,0.013457103256857204,-0.18026806269922563,0.09322580645161269,0.09986710802500001
16,0.013037116527557372,-0.1554418060845799,0.10115555555555573,0.09985839174999998
17,0.013875946712990602,-0.25653593598777413,0.09282051282051262,0.0998498503
18,0.013372963216124462,-0.24525517788754791,0.09243697478991578,0.0998439562
19,0.013286395578599368,-0.22149556911871082,0.09237704918032766,0.09983793722500002
20,0.012507887296096393,-0.1610388460738415,0.09363636363636342,0.099831593575
21,0.012776284553932355,-0.1304035648037611,0.10430147058823559,0.099821503675
22,0.012724067492425934,-0.10964013942255646,0.09239669421487584,0.09981168850000001
23,0.012749768785886035,-0.12031835754794523,0.0928099173553717,0.09980564455
24,0.012203298923042085,-0.09485368543646784,0.09299145299145282,0.09979970050000003
25,0.012162743429287096,-0.0681293322024553,0.10101123595505616,0.09979233287500003
26,0.012379260960684604,-0.08606090576450552,0.09252100840336117,0.09978491530000001
27,0.012316956888796308,-0.05658201819219751,0.09299212598425174,0.09977877145
28,0.012333380587209584,-0.05591910710791126,0.09245762711864389,0.09977265257500001
29,0.012090044839668178,-0.0765569131415818,0.09362903225806431,0.099766608625
30,0.011894128670192454,-0.041264400247884685,0.09297520661157005,0.09976048974999999
31,0.011432433893426883,0.001685735888871526,0.09256198347107417,0.09975444580000001
32,0.011766370245236524,0.07096340931685907,0.10134693877551045,0.09974530495000002
33,0.011911083709354661,0.04276854166087984,0.09268907563025192,0.09973621404999998
34,0.011021649540071525,0.12961684906434628,0.09298387096774173,0.09973014512500003
35,0.011040679301864417,0.18209473387331002,0.09356589147286802,0.09972382645000001
36,0.011705317131454954,0.15543824993856564,0.09260504201680651,0.09971763265
37,0.010901702720937984,0.2846290016912722,0.10417857142857175,0.099707667625
38,0.011282810294586752,0.36768490934951437,0.10097222222222237,0.09969528002500004
39,0.011951725124933962,0.3704289404391232,0.09279661016949137,0.09968693837500002
40,0.011122852071257662,0.4038317028648597,0.09280991735537168,0.09968096935
41,0.011171563339746551,0.6228482468436096,0.1075761589403969,0.09965909125000003
42,0.011749303811008022,0.7405613529540244,0.0938095238095236,0.09963708827500002
43,0.011315629519827541,0.3513118744385047,0.09286885245901619,0.099630894475
44,0.011821882517523124,0.45546592847530204,0.09294117647058804,0.09962487550000002
45,0.011202743782500319,0.6351508653904182,0.10554603854389782,0.09961024015000002
46,0.011062067196529602,0.7619907567670062,0.10160919540229914,0.09959205835
47,0.01120564464945346,0.6416248622039954,0.09391666666666647,0.09958254287499999
48,0.011117800071230557,0.82332447808013,0.09264957264957246,0.0995766238
49,0.011670973057334777,0.6590460060397163,0.09304687499999978,0.09957050492500001
50,0.010654993449128413,0.9600266019503275,0.09395348837209283,0.09956408635
51,0.011191382503602654,0.9272101168831189,0.09266666666666647,0.099557867575
52,0.010304286435214628,0.9409277688743721,0.09307692307692289,0.0995519485
53,0.01100022654366288,0.8831500330892648,0.10402173913043518,0.099542133325
54,0.011433786620193767,0.6845090531758846,0.09325396825396805,0.09953209337500002
55,0.011067612323725273,0.6182394326964685,0.09280991735537171,0.09952592455
56,0.00973848446067107,1.186055727429309,0.09237288135593202,0.09951995552500004
57,0.011248674694910761,1.01432602965208,0.09403100775193779,0.0995137867
58,0.010781826506729212,0.7259447346530655,0.10130268199233745,0.09950404645000004
59,0.010501263578507032,1.0719038701254475,0.0940495867768593,0.09949450599999998
60,0.01084229962215719,0.6271486101815333,0.1011965811965814,0.09948563987500003
61,0.010822939616627992,0.8313963490227858,0.09316666666666645,0.09947679872500001
62,0.009943004869321575,1.1108654717930029,0.0935245901639342,0.099470754775
63,0.01005529778170561,1.1305857921434828,0.09330578512396676,0.09946468585000001
64,0.0100858045102618,1.212581852229975,0.09347457627118624,0.09945871682499999
65,0.009594731960257813,1.2987242426191057,0.09285714285714267,0.09945279775000002
66,0.010576295921401609,1.0561977364714183,0.0942857142857141,0.099446678875
67,0.009985903421518942,1.2049284463569725,0.10787671232876778,0.09942894662500001
68,0.010264103249910304,1.02163494319286,0.10177358490566071,0.09940774285000001
69,0.009186750516386294,1.5428904711715574,0.09373983739837376,0.09939805254999999
70,0.009185891905208193,1.6946242289253013,0.1041005291005296,0.099385540075
71,0.009590938352491883,1.5812869620701624,0.10774603174603194,0.09936036527499999
72,0.010286044990572766,1.9155575501099797,0.09404580152671735,0.09934135930000002
73,0.009620754007505034,1.3820384825250496,0.10163498098859348,0.09933151914999999
74,0.010765939903147847,1.4330166188502942,0.10434017595307965,0.09931643425
75,0.01012947399153636,1.4703212736355473,0.10889237199581908,0.0992840167
76,0.010227524380510052,1.623888796567917,0.09316666666666644,0.09925711862499999
77,0.009613008111045929,1.8487882586196065,0.09289062499999978,0.099250924825
78,0.010360400965196434,1.381851135913668,0.10185344827586222,0.099241933825
79,0.0101376910855578,1.4763956345802496,0.09305785123966923,0.09923311765000001
80,0.01077063178571944,1.335768689100559,0.09384615384615366,0.099226848925
81,0.008898646515021976,1.8800470930898292,0.09290598290598272,0.09922068010000003
82,0.010090758657019775,1.690411448983823,0.09330508474576249,0.099214810975
83,0.00959329755228554,1.9401517138521895,0.0935042735042733,0.09920894184999998
84,0.00896895457804203,2.1629448146820067,0.09311999999999979,0.09920289790000002
85,0.009967568584463814,1.796343876348509,0.10458041958041993,0.09919263317500002
86,0.008936188228428364,2.1185443029403688,0.0934399999999998,0.09918236845
87,0.010510686687969914,1.5111131726039781,0.1018518518518519,0.09917385197500003
88,0.008211080727279576,2.3150565399549397,0.10089005235602092,0.09916368715
89,0.009601591763341622,2.061210407919827,0.10482142857142895,0.099150525325
90,0.009468871630573025,2.161390812198321,0.0932499999999998,0.09913913672500002
91,0.009171334238001896,2.2067167917566914,0.09379032258064496,0.099133042825
92,0.009137420094306658,1.9444032972418397,0.1044134078212295,0.09912100487499999
93,0.01132710797188819,1.6601902106084114,0.09330578512396673,0.09910904185000001
94,0.009891795854444706,1.7436842255053981,0.09435483870967722,0.099102922975
95,0.00862260453276715,2.1184146404266357,0.09381355932203372,0.099096879025
96,0.008380161296178138,2.3942422357224324,0.0944274809160303,0.09909066024999999
97,0.009303219534538604,2.2559839945573072,0.10142857142857134,0.099082843075
98,0.008144746872219649,2.5747475332886207,0.10148854961832084,0.09907175417499998
99,0.008156114103967103,2.607194292343269,0.09415254237288113,0.09906226367500003
100,0.007342974827507464,2.901847534820813,0.09386554621848721,0.0990563446
101,0.008502486760595016,2.771750329032777,0.09357142857142837,0.099050225725
102,0.009288687558876256,2.146760106086731,0.0935593220338981,0.09904413182499998
103,0.008231256193539593,2.63097289763391,0.0931249999999998,0.099037987975
104,0.007961566139739461,2.8388926110616546,0.09357723577235752,0.09903171925
105,0.008373505055275001,2.616128608516362,0.10232876712328767,0.09902317779999999
106,0.00809938530254317,2.5261351639830223,0.09393700787401552,0.09901453644999998
107,0.00742067001920077,2.908247275277972,0.09460937499999977,0.09900816782499999
108,0.007251511877760864,2.9252804591105535,0.09415384615384594,0.09900172427500001
109,0.00829198151671638,2.843815249204636,0.09416666666666647,0.09899548052500001
110,0.008802793458393165,2.474950660491127,0.10874999999999971,0.09897510092500003
111,0.011596338140701217,0.8711048651458626,0.09338345864661633,0.09895439665000001
112,0.009182641337004801,1.5758780032396316,0.09424999999999979,0.098948077975
113,0.008484291927839713,2.331513834378076,0.10148148148148142,0.09894036070000001
114,0.010018930038451359,1.7450426986271685,0.10250000000000012,0.09892904702500001
115,0.008230258863358224,2.2400132779215203,0.09418032786885225,0.098919406675
116,0.008549634538987865,2.372195938897263,0.10169398907103819,0.0989117893
117,0.008447033495542185,2.5879281769114093,0.09396694214876013,0.09890419689999999
118,0.008050093181000268,2.730756523195377,0.0949586776859502,0.09889815294999998
119,0.00772723336093372,2.5973118875847487,0.09426229508196701,0.098892084025
120,0.008852520406926198,2.234362220007276,0.09380952380952362,0.098885890225
121,0.008293740716086882,2.5500410843280052,0.10153225806451632,0.09887654957499999
122,0.009297086743320873,2.014309857436951,0.10122340425531912,0.098865660475
123,0.008537779385041373,2.315607636465746,0.1071960784313731,0.09884822792500002
124,0.008164406141750222,2.388821864691306,0.09385826771653523,0.09883231885
125,0.010357412636677355,1.8623735276863516,0.1068144044321334,0.09882013105000002
126,0.011410495368014464,1.1634508761009952,0.10168582375478953,0.09880459660000002
127,0.010703315169950578,1.1716926683695308,0.10158844765342996,0.09879116005000001
128,0.01175517774043748,1.5135005228794538,0.09453846153846132,0.09878099522500002
129,0.010099271479784773,1.1324380473809297,0.10219101123595495,0.098773302925
130,0.009213577156576018,2.3659232477347056,0.09424999999999975,0.09876586037499999
131,0.00923362641041269,2.0830385854644495,0.10839416058394226,0.09874917707500001
132,0.010079431801759561,1.9983786149103133,0.09426229508196703,0.09873244382499999
133,0.00779738412797451,2.5799460067749025,0.09391999999999981,0.09872627499999999
134,0.008679258817106981,2.343019854415886,0.10714285714285775,0.09871039090000003
135,0.009217115958799022,2.51778893062362,0.10171296296296306,0.09869223407500002
136,0.009967911619693041,2.1818289532661437,0.0942399999999998,0.09868371760000001
137,0.008659420207550284,1.7317902836948633,0.09398437499999979,0.098677398925
138,0.01246950195281435,1.650988336841939,0.09338983050847442,0.09867125507500003
139,0.009819204645945613,1.6348591101797003,0.10233082706766942,0.098661664675
140,0.00909840062792812,1.9120640664541422,0.0942857142857141,0.0986520493
141,0.008710671627341071,2.268153262324631,0.10191406250000028,0.098642683675
142,0.009328971339092284,1.6223237970296074,0.09310924369747879,0.09863331805000002
143,0.008693339385374218,2.2691280587550695,0.1060779816513767,0.098619456925
144,0.009677563957567956,2.0174842170766882,0.10205405405405403,0.09860394745000002
145,0.009642038282006979,1.6404226474761963,0.09415999999999981,0.0985962052
146,0.008030036535608222,2.4961852717156314,0.10204081632653055,0.098588188225
147,0.008773056419469169,2.1311985079146107,0.1022748815165877,0.0985780234
148,0.008561940374420374,2.6373765465104952,0.10734375000000057,0.09855996647500002
149,0.009817815900239493,1.9792974687391711,0.0941129032258062,0.09854408237500001
150,0.009640539646693242,1.9560558148396767,0.10448504983388739,0.098533468
151,0.007084719537912557,2.6830928961435956,0.09416666666666647,0.09852295352500003
152,0.008468541057537431,2.7053813374560813,0.09313043478260848,0.0985170844
153,0.008517232261539444,2.6052154818857747,0.09425196850393676,0.09851104045
154,0.008046740462549594,2.7930263771730313,0.0935294117647057,0.09850489659999999
155,0.008022012751098373,2.853323825635016,0.09445312499999979,0.098498727775
156,0.009298162468864273,2.1598531117041904,0.09366666666666647,0.098492533975
157,0.008707603897588949,2.3600347807010014,0.09349999999999983,0.098486539975
158,0.006912959003899277,2.78464973674101,0.09436974789915945,0.09848057095000003
159,0.008516947286746774,2.8548829237620037,0.09374999999999976,0.09847460192500002
160,0.008599661922269214,2.51982065076234,0.10704152249135006,0.09845716937500001
161,0.007457534421700984,2.885056534409523,0.09341666666666647,0.09843973682500004
162,0.00809652585451146,2.825938641117309,0.10086294416243669,0.09843181975000001
163,0.00819871615681608,2.7583637641648115,0.09271186440677948,0.09842395262500002
164,0.009104949723929166,2.28456796169281,0.09383999999999978,0.0984178837
165,0.007514348291174396,3.0442743825574294,0.10677304964539071,0.09840067592500001
166,0.011291317229510331,2.8499853948100666,0.09418032786885226,0.09838354307499998
167,0.011502892294452643,0.952394714028063,0.10430985915493,0.09837163000000003
168,0.008991862714339422,2.04668496607693,0.10144104803493467,0.09835704460000001
169,0.008291836512884251,2.728326037414092,0.09413533834586445,0.09834800365
170,0.008471635628722666,2.765557344569716,0.09403100775193776,0.0983414602
171,0.009365404985146597,2.2098460802808404,0.0939843749999998,0.09833504162500001
172,0.009023466189815239,2.4370070752070006,0.10518518518518544,0.09832442725000001
173,0.008069415715282911,2.9326610115339173,0.10821383647798678,0.09829715455000002
174,0.008020144750977435,2.8747841691583154,0.09390243902439005,0.0982742275
175,0.00880654864376048,2.60467663149297,0.10818181818181868,0.098259617125
176,0.00834549160242199,2.783249491728799,0.10708092485549126,0.09823079597500001
177,0.008081926669478974,3.1101930668291526,0.10558052434456945,0.09820684495
178,0.007496990681331801,3.2498799361680684,0.10073684210526318,0.09819543137500002
179,0.010421746001472332,2.1548627406028804,0.10553505535055362,0.0981839179
180,0.007987322968448389,2.7733391307434947,0.10226415094339651,0.09817053130000002
181,0.00723224614625721,3.444267364052253,0.09382113821138191,0.098160841
182,0.008024505381577444,3.304068626317763,0.09398496240601482,0.09815444740000002
183,0.008698434778160152,2.748146683398823,0.11062344139650694,0.09812108079999998
184,0.008422802674209922,2.7376777405612978,0.10425219941349019,0.09808251939999998
185,0.008459352559719706,3.096175819117733,0.10893300248138883,0.098053873075
186,0.00944430221404348,3.019284607983437,0.09294117647058801,0.0980307712
187,0.007907330017206409,2.7208747440768826,0.09330645161290305,0.098024702275
188,0.008703630389879013,2.971190570042875,0.1057828810020882,0.09800964235000001
189,0.007742813792079687,3.1345033473968504,0.09383999999999981,0.09799455745
190,0.008287967959450198,3.202186835914099,0.09462184873949561,0.09798846355
191,0.008436162620045406,3.0377696962648884,0.10957854406130221,0.0979659361
192,0.00779596794662731,3.3283517996470136,0.10152380952380957,0.097941135925
193,0.007649130973732099,3.1288066282868385,0.09390624999999979,0.097932694375
194,0.007373225885148869,3.6505626796657205,0.09350427350427334,0.09792657550000002
195,0.007817694465770866,3.141061641953208,0.09469696969696949,0.097920356725
196,0.007537086317703749,3.2453482886155447,0.09508333333333314,0.097914063025
197,0.007856882975844682,3.3204198612654503,0.09338842975206592,0.09790804405
198,0.00686843103018695,3.7891866595474717,0.1052577319587631,0.09789775434999999
199,0.008558364790324758,3.1000098646157253,0.10964066608238204,0.09786199015000002
200,0.007406969955817116,3.3414154954317237,0.09487394957983172,0.09783052164999999
201,0.009674020044474025,2.5167191190234686,0.09288135593220317,0.09782460257500002
202,0.0074816641981823966,3.432853005700192,0.09372881355932186,0.09781870847500003
203,0.0073164359994854974,3.589100208747138,0.10642691415313271,0.0978049972
204,0.00764720287730976,3.6104289789754023,0.10450363196125953,0.09778391830000002
205,0.008488155671123026,3.1877007153060033,0.10158844765342988,0.09776668555000001
206,0.00845211615005845,3.617007610542748,0.10509225092250953,0.09775299925000001
207,0.011186341825528304,1.286557099899324,0.09403361344537792,0.09774325900000001
208,0.0078382515197957,3.0679287561054887,0.10185344827586221,0.09773449277500001
209,0.007298834836091349,3.6771115468512816,0.10583162217659192,0.09771653574999999
210,0.0076155199782592985,3.7901498081432474,0.10740608228980378,0.09769041190000001
211,0.008034705471571809,3.4638115206141444,0.10732495511669712,0.0976625398
212,0.0072722116327088955,3.892357698026693,0.1101061320754707,0.097627449925
213,0.008107116833313933,3.783189363166934,0.09336065573770469,0.09760322417500003
214,0.006782807570804531,4.007028557856878,0.09383333333333314,0.09759718022500001
215,0.006730700802290812,4.373814602692922,0.09433333333333314,0.097591186225
216,0.006930471009885271,4.346495769421259,0.09491666666666647,0.09758519222499999
217,0.007653274165677907,4.027819883354887,0.10209606986899575,0.09757647595000002
218,0.007533263639576165,4.09837144265795,0.1021524663677131,0.09756518725
219,0.007129176899346999,3.985273900076887,0.10507836990595641,0.09755165079999999
220,0.007153521738796224,4.063168669900587,0.09548387096774173,0.097540586875
221,0.006927248025618372,3.919229341334984,0.09491803278688507,0.097534443025
222,0.007155147404605601,3.787064951007106,0.09386554621848718,0.09752842404999998
1,0.0035513138508475903,7.197865300708347,0.09717948717948702,0.09749960290000002
2,0.010652101039191458,1.1873414756646796,0.09828358208955205,0.097493334175
3,0.008408059540670365,1.7362559934457142,0.09674999999999986,0.097486990525
4,0.003848307863504002,4.935784728203005,0.1085194174757285,0.09747370382500001
5,0.005512335280570941,5.651618838064449,0.11020618556701058,0.09745130125000001
6,0.009206031487111499,3.8981432919850167,0.10929899856938458,0.09742173085
7,0.005919417451285032,5.860421666343787,0.10773480662983455,0.09739071190000001
8,0.005745726136060862,6.048218148386376,0.09478632478632469,0.09737422840000001
9,0.005201851363065389,6.225233527849305,0.10941509433962292,0.09735806957500003
10,0.012287807898294709,2.627847167918391,0.10617161716171652,0.0973372654
11,0.00791420899481783,4.133392647389443,0.09548387096774175,0.09732660107499998
12,0.006097824191520653,5.044029539281672,0.0952066115702478,0.09732048219999999
13,0.014490304622226037,3.1941749402600474,0.09444444444444429,0.09731453814999999
14,0.012630412417153517,0.9382094278931618,0.09324999999999986,0.09730861907500002
15,0.011463672479950502,1.218623333289975,0.09532786885245889,0.09730257512500001
16,0.009682266267516943,1.9735830568555575,0.097462686567164,0.097296181525
17,0.009592119913517695,2.7082862990801453,0.0958196721311474,0.097289787925
18,0.0069478762672603635,3.554144077942151,0.09529411764705872,0.09728376895000002
19,0.006362520940860527,4.378095462090439,0.10708333333333349,0.09727360412500001
20,0.0057606315186836616,5.29833754076474,0.11257246376811508,0.09724573202500002
21,0.005363445360744966,6.080016474314344,0.1070083102493076,0.09721603675000004
22,0.005581283507773937,6.038070565563137,0.09508474576271175,0.097204073725
23,0.00516736180191026,6.271480680345656,0.10872377622377657,0.09718684097500001
24,0.005763000515563523,6.234203241853153,0.10673529411764739,0.09716406377500002
25,0.011833888469791075,2.746498181994231,0.10823113207547196,0.097144982875
26,0.008966946522954083,2.8757264677804844,0.09664122137404567,0.09713112175
27,0.007037533916114957,4.919820463792845,0.10704545454545468,0.09711905882500002
28,0.006054152790339617,5.617577246257237,0.1098109243697482,0.09709837952500003
29,0.005782217655448892,5.899658854730529,0.10352941176470591,0.09708097195000003
30,0.005877581885778108,5.769650685536611,0.10639639639639663,0.0970671358
31,0.006255414933001245,5.588797368501362,0.10447368421052641,0.09705217577499999
32,0.006373353338736844,5.9803818367623,0.11163449163449102,0.09702612685
33,0.01323845529606895,1.861201986631177,0.10746701846965713,0.09699725575000001
34,0.011421176015884958,1.4443852269751394,0.09547008547008537,0.09698486815000003
35,0.010736036216258071,1.6023415923118591,0.09710937499999986,0.09697874927500001
36,0.010242628436671557,1.9248942693654638,0.1044890510948906,0.09696870932500001
37,0.008780417195868804,3.411331932936142,0.11156716417910387,0.096941786275
38,0.00931927429822584,4.898057283499302,0.09649572649572637,0.0969187843
39,0.008709112181830774,4.867709077304679,0.11036832412523032,0.0969023008
40,0.009078921572058406,3.55983363468963,0.10756024096385555,0.09688044767500001
41,0.006563474688863487,5.326887061011116,0.10344339622641513,0.09686686127500001
42,0.006871474994113669,5.715218465450483,0.1117051282051274,0.096842086075
43,0.009459508876427785,4.401089360078652,0.10974550898203582,0.096805922275
44,0.009968568910230962,2.1247042491454486,0.09519379844961223,0.0967860172
45,0.009475809129071422,2.609356250613928,0.10991477272727282,0.096774004225
46,0.00920096764114363,3.1277163545441717,0.1044106463878328,0.09675864460000001
47,0.008626683840468045,3.32120023235198,0.09774193548387082,0.096748979275
48,0.008640371051557157,3.599809560207052,0.10298165137614688,0.09674043782500003
49,0.008562548145634162,3.877655100483465,0.10393364928909962,0.09672972355000002
50,0.008141469290914168,4.050966599830111,0.09736842105263142,0.09672113215000001
51,0.009115985097984473,3.862698725859324,0.09741666666666648,0.09671481347500002
52,0.00834570122230002,3.966142852082212,0.09726495726495711,0.09670889440000004
53,0.0080465315790107,4.162132490497746,0.11043835616438359,0.09669685645000002
54,0.007880669112617526,4.182980975166696,0.10360655737704914,0.09668317015000001
55,0.007826733499920616,4.235094835360845,0.09799999999999986,0.09667560272500002
56,0.00878808573846252,4.283250851446645,0.11042769857433829,0.09666034300000001
57,0.007701859437739713,4.243662018187439,0.11034810126582259,0.096632296075
58,0.007490550473081965,4.537992200931581,0.09789915966386538,0.09661353985000001
59,0.007270369368294875,4.600740786393484,0.09633333333333316,0.096607570825
60,0.010044647877941192,4.332057457859233,0.09686440677966086,0.096601626775
61,0.007794712311298453,4.3919431680190755,0.11095513748190984,0.096581422
62,0.007301874862760942,4.526744125235794,0.09555555555555537,0.0965612422
63,0.012067387259860592,3.648694055836375,0.10443902439024386,0.09655320025000001
64,0.008633126165078516,3.812742465400066,0.10996699669967008,0.09653294552500001
65,0.008475206857838202,3.8255948442965746,0.09734374999999981,0.09651461387499999
66,0.007651621919048421,4.1653692273918645,0.10426605504587151,0.09650597252500001
67,0.008108601394943956,4.434526933712906,0.1112640449438198,0.096482745775
68,0.008558202301346567,4.045015695728833,0.11107594936708855,0.096449179375
69,0.008134565449604243,4.250545757086207,0.10380753138075322,0.09642742615000004
70,0.007025693685647623,4.527405128006108,0.09793388429752048,0.09641843514999998
71,0.00842351435503664,4.3663992961915605,0.09647058823529396,0.09641244114999999
72,0.007773718761260776,4.6303908452391624,0.10895833333333348,0.09639748112499999
73,0.008880368364043534,4.173332642425191,0.10468181818181815,0.09637999862499998
74,0.0071169278995698165,4.497365680054156,0.10452554744525558,0.09636766097499999
75,0.006777030773489194,4.898254059113477,0.10501901140684412,0.09635424940000002
76,0.008349284186165352,4.694619280393006,0.10508196721311461,0.09634311055000003
77,0.007170527014410594,4.646831695850079,0.1045604395604394,0.09633399467500002
78,0.008241609776497728,4.5020393698446215,0.11027419354838704,0.096313964725
79,0.00845250013557016,4.357638489996266,0.1085256410256412,0.09628679192499999
80,0.007806005405245332,4.473815280037957,0.10797297297297323,0.09626401472500001
81,0.00816493575287059,4.664292792963788,0.09764227642276405,0.0962498539
82,0.007552171693410443,4.599385766422047,0.09697478991596621,0.09624380995000001
83,0.00717804082471164,4.749700134358507,0.1052765957446808,0.09623496880000001
84,0.007942360191185388,4.478244466166342,0.09830645161290305,0.096226002775
85,0.0075040770036774495,4.51479823248727,0.09825396825396808,0.096219759025
86,0.0071050161053857735,4.664370254234031,0.1053703703703702,0.09621121757500001
87,0.0076682109755046406,4.752199458664861,0.10962068965517266,0.09619133747500001
88,0.007100856634788215,4.929262534921819,0.11100000000000027,0.09616311572500003
89,0.007613352503616112,4.865889196454382,0.11155828220858824,0.09612902485000001
90,0.006963918042507627,4.990495002591932,0.11224324324324267,0.09609018872500001
91,0.007568685877930913,4.9101298247859875,0.1070515970515972,0.09606154240000005
92,0.006679978373890312,5.199588441848755,0.09761538461538444,0.09604813082500001
93,0.006992232249537417,5.247862154068833,0.11248236953455515,0.09602717679999999
94,0.007244233136746662,5.163222802149785,0.111428571428571,0.09599216185000004
95,0.007145279044142136,5.406674759204571,0.09723076923076902,0.09597160742500001
96,0.009529438844468559,4.6723719640653965,0.10862244897959206,0.095958570475
97,0.0070322296360036595,4.828209159017979,0.10971264367816051,0.09593139767500002
98,0.008416442429865655,4.853205512087029,0.11046686746987938,0.09589743167500002
99,0.00739012648989273,5.080809914280145,0.10773638968481378,0.09587213200000001
100,0.0071165304044134,4.986366453562697,0.10794520547945204,0.09585429984999998
101,0.005966218925998298,5.323858221068637,0.09725190839694636,0.09584191225000001
102,0.008314769409362197,4.777048607667287,0.11060975609756114,0.095826352825
103,0.013060501699666839,1.7021200193846522,0.09661157024793371,0.09581104315
104,0.009338529557524266,3.6318648624996404,0.10779456193353476,0.09579975445000001
105,0.008576379040088055,4.303839977740741,0.1109863588667355,0.09576768654999998
106,0.008014530620466058,4.3464728557146515,0.09561538461538442,0.09574063862500001
107,0.006920168623669531,4.940146868141534,0.1038743455497381,0.09573262165000002
108,0.0075772732373496346,5.058298384059559,0.10949090909090935,0.09571411517500002
109,0.007107183446661912,5.23712830665784,0.09760683760683746,0.09569745685
110,0.0070442438547007255,5.164391265622563,0.10482889733840298,0.09568796635
111,0.008119042004527878,4.843203294375711,0.09685950413223128,0.09567837595
112,0.0068488968790379684,5.344752287794355,0.10766961651917414,0.09566688745000004
113,0.010076235281591682,4.042533737303007,0.11124999999999936,0.095638241125
114,0.008294492120299726,4.354124515614611,0.10430851063829785,0.09561336602500001
115,0.009266460379876662,4.081350740045309,0.1041666666666665,0.09560387552499999
116,0.007279175469728501,5.040384995509903,0.1101062416998667,0.09558027414999999
117,0.007293378884705853,5.168469914949562,0.11004016064257051,0.09554903042500001
118,0.007489395571890502,5.187783613571754,0.11113461538461405,0.09551061887500001
119,0.007284169508652253,5.184237413169924,0.09743801652892545,0.0954816229
120,0.006319291391021883,5.737812487284343,0.09791666666666651,0.09547560392499999
121,0.006458199745975435,5.769424414634704,0.09674999999999982,0.095469609925
122,0.007823377029236519,4.865440207642394,0.10359307359307354,0.09546084369999998
123,0.007454723061016566,5.245943715367041,0.1118541300527225,0.095426652925
124,0.007126768649720913,5.2597331794408655,0.11194444444444351,0.095374854775
125,0.007014454385833972,5.58968324580435,0.09779661016949139,0.09534853112500001
126,0.008330275213175089,5.071453172855311,0.11086505190311428,0.09533114852499999
127,0.008026216721506736,4.610704456450622,0.10684971098265918,0.095308071625
128,0.006937639134805589,5.0169959192555575,0.10807817589576556,0.09529176294999998
129,0.0071742715418119645,5.314226278417251,0.1094352941176472,0.09527348125000001
130,0.007017868694084747,5.317143491796545,0.11021959459459457,0.09524808167500001
131,0.00691470149981529,5.483744310105548,0.11003676470588254,0.09521971007499998
132,0.006584174698489752,5.725810046523497,0.11138533178114017,0.09518467015
133,0.007040155880514123,5.651013992619856,0.10880382775119633,0.095152777075
134,0.00691994391072771,5.842625373912648,0.10646919431279644,0.09513179807499997
135,0.007164289326124238,5.763420643192707,0.11085808580858086,0.09510612377500001
136,0.0062491193125655846,5.514082326727398,0.09728813559322022,0.095088041875
137,0.011701555814462031,5.133895866514191,0.09700787401574787,0.09508192300000001
138,0.006729170658074739,5.4464573954192685,0.11025352112676017,0.09506101892500002
139,0.006962458648084968,5.6624563321345995,0.09756302521008388,0.09504031464999999
140,0.00735256742379103,5.459526769178942,0.11024232633279485,0.09502188309999998
141,0.008059207915629477,5.690460845677539,0.10449494949494934,0.095001478525
142,0.007125790671460212,5.315373251930116,0.11119047619047605,0.094980799225
143,0.006134886398735478,6.054052033011369,0.10968503937007852,0.09494920585000001
144,0.006303195946653031,6.2405437025676616,0.110941385435169,0.0949192858
145,0.007923427515104412,5.675614198303222,0.10902399999999984,0.09488961550000002
146,0.006793214771142789,6.012927880797623,0.10665796344647542,0.0948644407
147,0.006265390380971538,5.722277874170348,0.09620155038759676,0.09485165350000001
148,0.007049658152015031,5.885657996006834,0.10827664399092994,0.09483741774999999
149,0.00623616761853134,6.06830136589763,0.11151607963246549,0.0948100951
150,0.00707425098851185,6.235771338335065,0.11151913875597994,0.09477290732500002
151,0.0070159272966152835,5.92871485047668,0.10914122137404612,0.094738941325
152,0.0061959158664816345,6.118803703866037,0.10920068027210895,0.094711169125
153,0.0060844110697507855,6.2986860892351935,0.10924705882352953,0.09468586945
154,0.005949251510202884,6.426609409332276,0.09559999999999988,0.09467213320000002
155,0.005787735846901282,6.545948289131206,0.10557377049180362,0.09465987047500002
156,0.006192496550254157,6.572549526808692,0.0955737704918031,0.094647682675
157,0.007726571485007375,5.934511649797168,0.10966608084358545,0.09463042495000001
158,0.005845322017468023,6.3200067921494885,0.10791505791505798,0.09460974565
159,0.010976484909048703,5.872536113119533,0.0938461538461537,0.09460035505
160,0.007958434071365952,5.806846996810701,0.11202777777777749,0.09457945097499999
161,0.007032169965274733,5.8200847882224265,0.11310488058151508,0.09453741804999999
162,0.0063932015014792325,5.858281143250004,0.10370967741935498,0.09450872177500003
163,0.007663759832850478,5.881537332869413,0.10385964912280711,0.094498382125
164,0.006398757507579516,6.006214314857416,0.10420353982300908,0.094487043475
165,0.007007673848136442,6.098492089713492,0.11117073170731627,0.094460919625
166,0.006594206864014268,5.980645351409912,0.0957599999999999,0.09443731825
167,0.009153324474436156,6.0235901643885645,0.10347593582887708,0.09442952604999998
168,0.006976103528387963,5.653694114230928,0.1099523809523807,0.09440912147500002
169,0.006551148264943699,5.990734526368438,0.0951639344262294,0.09439034027500001
170,0.0062191413117092175,6.164440500508448,0.11046178343949024,0.09437160902500001
171,0.006096448297484152,6.552351793449125,0.11155193992490528,0.09433596970000001
172,0.0058730561090704365,6.722254405494865,0.10316793893129797,0.09430947122500002
173,0.006900113135012503,6.549726909411222,0.10979550102249516,0.094290715
174,0.0058788780949634405,6.432020250216935,0.09643410852713163,0.09427528045000001
175,0.006785227584296325,6.356679052314503,0.10836689038031354,0.09426089485000001
176,0.006348137937199611,6.300504504717313,0.11078461538461518,0.09423349727500001
177,0.006120691640382192,6.45760441296979,0.10667763157894758,0.094209671125
178,0.00658626319075239,6.616141479920576,0.10914438502673826,0.09418806775
179,0.005558041147117715,6.781014517536313,0.10795275590551213,0.094161369475
180,0.006866547750725403,6.83356597703644,0.10722063037249306,0.09413996589999998
181,0.006845144743240008,6.43329967529543,0.10827956989247342,0.09411963625000001
182,0.00823433444990466,6.466229875882466,0.09549999999999989,0.09410502587500001
183,0.0062098579292670505,6.310927264946551,0.09487603305785114,0.0940990069
184,0.005582470741958344,6.707055708271774,0.11037688442210981,0.094076104825
185,0.005484078380679285,7.1207316597775,0.11052631578947378,0.09404151445
186,0.005939714473959826,7.245754633230321,0.10691176470588258,0.09401831267500002
187,0.005762740780750231,7.1431560102408636,0.10851419031719545,0.09399486115000001
188,0.006277056793757638,6.904390898303709,0.11120772946859812,0.09395922182500001
189,0.006221797365525907,6.869015535296816,0.11152727272727188,0.09391793815
190,0.005800520781211663,7.178194984491321,0.10913043478260898,0.09388871739999997
191,0.00666706244410745,6.866340963524508,0.10701204819277124,0.09386973639999997
192,0.0053339242222327785,7.124316918255463,0.11195538057742715,0.09384034082500001
193,0.005199832131485912,7.393989856532543,0.106098265895954,0.093812668525
194,0.005060773689282624,7.614737350155007,0.11139204545454495,0.093786444775
195,0.005488982834124371,7.583772488733525,0.10962450592885406,0.093756225025
196,0.005116640670948531,7.652082435355699,0.09537190082644616,0.09374056570000003
197,0.005169883544834083,7.683538987798598,0.10737864077669919,0.09372982645000001
198,0.005746543493104291,7.595134069334786,0.10418867924528322,0.09371549080000001
199,0.0073510339360385165,7.066257306138244,0.108546637744035,0.09369735895
200,0.0055346448757441005,7.0110100681254455,0.10969754253308155,0.09367263369999998
201,0.005168589221716116,7.267181725825294,0.10343220338983067,0.09365352782499999
202,0.00576943081571149,7.074435948220065,0.11041731066460546,0.09363147490000001
203,0.0057151724859381674,7.116901227340844,0.11304597701149308,0.09358924217500002
204,0.007568041668419304,6.558520554138994,0.11176470588235152,0.093536844625
205,0.005503393169159868,6.836268889002439,0.11320168067226773,0.09348080072500002
206,0.008532820840400746,6.576754522509873,0.10937500000000036,0.093438293275
207,0.005841935096654079,6.3988997590157295,0.09516129032258053,0.09342240917500001
208,0.005646935524210133,6.570167757470512,0.1038565022421526,0.09341374285000001
209,0.006378686233602712,6.641932831671005,0.11213748657357561,0.09338492170000003
210,0.007824844757695336,6.616788032626317,0.09586776859504115,0.093358648
211,0.006302157233728737,6.432853675279461,0.09483606557377032,0.09335257907500001
212,0.00692657296413805,6.381934920633872,0.09527559055118094,0.0933463603
213,0.005711274220274114,6.436449097550434,0.10347826086956521,0.093338593075
214,0.009378562372716127,6.082802735337424,0.10311926605504602,0.09332855312500002
215,0.0072517447285354135,6.122684646606445,0.09527999999999989,0.09331998669999998
216,0.006320972786307438,6.533455762195259,0.11090700344431584,0.09329511160000001
217,0.0076218338674932185,6.508247426577976,0.11228896103896102,0.093257973775
218,0.007467643456609063,5.9639846402245595,0.1071081081081082,0.09323334842500001
219,0.00850668999278902,6.104051284300975,0.09487179487179476,0.09322118559999999
220,0.007230332808799914,6.073321737794795,0.10397435897435907,0.09321241937500002
221,0.006486103147168089,6.224053603184374,0.11061708860759475,0.09319079102500001
222,0.00700109725255018,6.264645328398076,0.11053484602917327,0.09315959725
223,0.005680601980026451,6.525938664713213,0.09548387096774177,0.093141090775
224,0.006173993795374899,6.694048981461228,0.11305263157894618,0.093111895
225,0.006248053165152669,6.82675218963623,0.09551999999999984,0.09308267425
226,0.006477324748949976,6.828352635829293,0.10331658291457294,0.09307458235
227,0.005990232547995768,6.868619911305539,0.11204954954954843,0.093047434525
228,0.004822914001062257,7.007190072638357,0.0952136752136751,0.09302233465
229,0.006492722229980015,7.24147910508104,0.10873801916932915,0.093003778225
230,0.00632011847762153,6.80281686503331,0.11339976553341057,0.09296684020000003
231,0.006536642530286337,6.978993248146818,0.11205882352941095,0.09292600607500001
232,0.006319144772774331,6.75903685603823,0.10951530612244927,0.092896685425
233,0.006454712097579038,6.695899794621723,0.11051440329218126,0.092874757375
234,0.0054409710129090984,7.083307239555177,0.11248809523809444,0.09284164052500002
235,0.005453441058285534,7.199431247711182,0.09631999999999989,0.09281753965000002
236,0.0058986524919928006,7.305757428527972,0.10435779816513761,0.092808973225
237,0.007563517019603281,7.171438294072305,0.107562724014337,0.09279656065
238,0.007026943193076703,6.312572973986056,0.11167573449401424,0.0927666406
239,0.0063679419067974195,7.083795895330087,0.10729483282674782,0.09273547180000001
240,0.0087860575933918,7.121211230270261,0.09634146341463398,0.09272418310000001
241,0.006602228704529504,6.839245397394354,0.10727272727272738,0.09271286942500001
242,0.0063864934634274015,6.71870722648425,0.11104273504273522,0.0926900173
243,0.005280446531525743,7.185423180563133,0.11012345679012274,0.09265720015000004
244,0.00565265911684705,7.387385053955113,0.11198146002317394,0.09261743994999999
245,0.005454801509929601,7.594478500736069,0.11092446448703418,0.0925737337
246,0.004358656681142747,7.52931078338623,0.09719999999999984,0.09254845900000001
247,0.0058389928545457895,7.645754688561208,0.10382716049382719,0.09253926820000001
248,0.005139200108411994,7.62696943928798,0.10416666666666656,0.092528404075
249,0.005576346699628189,7.657000355287032,0.10787878787878799,0.09251536712500001
250,0.0050863533171109305,7.642623381181196,0.09735537190082631,0.09250410340000004
251,0.006277512492087603,7.373525344039666,0.11180987202925058,0.0924874201
252,0.005613480122949804,7.415038791817396,0.11117750439367331,0.092459548
253,0.0048510032628352445,7.613652009230393,0.10497435897435889,0.09244046710000002
254,0.005928955116838028,7.183991009906187,0.11163841807909554,0.09241791467499999
255,0.005252322211941913,7.637709382740546,0.11146679881070247,0.0923750326
256,0.007512906143414857,7.3637289961507495,0.10541322314049589,0.09234378887500001
257,0.005091681731507627,7.237754432992502,0.10792613636363645,0.09232895372500001
258,0.005301312301078903,7.267083668317951,0.09745901639344244,0.09231711557500002
259,0.005558972158084285,7.257977833969272,0.11113250283125609,0.09229201570000001
260,0.005605359198243329,7.3797865549723305,0.1128121212121204,0.09224935840000001
261,0.005336811485402032,7.627232516644558,0.10960817717206148,0.09221409369999999
262,0.005448665612301586,7.751004020574734,0.10477157360406075,0.0921945133
263,0.0053332098978118294,7.685305521973467,0.11180530973451343,0.09217548235
264,0.005375027096474088,7.776368798638269,0.11343778801843188,0.09213427360000001
265,0.004924605540873017,7.6912338209152225,0.1099000000000001,0.092097185725
266,0.006771209469393323,7.568115128845465,0.09803278688524573,0.09208414877499999
267,0.005488576234021257,7.393687419507695,0.10758620689655175,0.092072410525
268,0.005190063803456724,7.65128653049469,0.09624999999999982,0.092060722225
269,0.0051255028204090225,7.7339858180625285,0.1122437971952524,0.09203457340000001
270,0.005408061981209716,7.775340083177666,0.10804281345565751,0.09200325475
271,0.005717591329049619,7.58703564828442,0.09685483870967726,0.09199199102500001
272,0.006938203832336558,7.4849049660467335,0.1094444444444447,0.09197495807500002
273,0.006578751319898879,7.023417177733841,0.10825174825174826,0.091953879175
274,0.0065592146174122505,6.763176276133611,0.09761538461538441,0.09194348957500001
275,0.004765944828407145,7.2878581458447025,0.10905882352941186,0.091927505575
276,0.005356743782798176,7.477574637380697,0.10432203389830519,0.091908874225
277,0.005514615901913016,7.640508567893898,0.10981684981685004,0.091889343775
278,0.004993996882655968,7.769397649129232,0.11211999999999936,0.091856976175
279,0.005327649776536341,7.867313434524862,0.11045519203413903,0.09182068750000001
280,0.004581457948969568,7.972950626822079,0.09697478991596623,0.09180015805000002
281,0.005616785568337137,7.969857850008541,0.10749999999999998,0.09178999322500002
282,0.006366874872793324,7.634663080808668,0.11106911447084125,0.09175967357500002
283,0.004695338986524451,7.213461976091401,0.09647058823529399,0.0917335747
284,0.005828617117033278,7.467050300680328,0.11086175942549403,0.09171669160000001
285,0.0045859875651076435,7.534053810119629,0.09687999999999984,0.09169965865
286,0.003855006755603587,7.742240156446185,0.09571428571428557,0.09169356475
287,0.0044469894282883615,7.875967238098383,0.09734374999999984,0.09168739592500001
288,0.005690617487275493,7.734180962949088,0.11275568181818055,0.091657825525
289,0.004862627024689997,7.91322070186578,0.10861650485436918,0.09162116222499997
290,0.005055964598084675,7.858081628315484,0.10680597014925398,0.09160250589999999
291,0.005724985797542608,7.674253692119454,0.1107760532150778,0.09158287555
292,0.005567294172874955,7.468649132307186,0.10738372093023278,0.091563020425
293,0.005499684534438887,7.570455064277184,0.11170542635658828,0.09153187660000002
294,0.0049251598703595025,7.787212001198682,0.11234338747099672,0.09148779572500002
295,0.007939729244393595,7.558623798901994,0.10885085574572145,0.09145605250000001
296,0.005842580747417822,7.2493922750336575,0.11193302891933013,0.09142942914999999
297,0.006496645931835372,7.199853953193216,0.0951260504201679,0.09141004854999998
298,0.005852268153515564,7.264887239050678,0.09692913385826757,0.09140390470000001
299,0.0057820496227534764,7.46587463818531,0.11018148820326697,0.09138697165
300,0.008896678244536983,6.685385376764839,0.1068634686346865,0.09136644220000001
301,0.006230317943684784,6.742152861563482,0.10778597785977874,0.09135290574999999
302,0.005061940669726867,6.76973206446721,0.09707692307692291,0.091342890775
303,0.006128952226034649,6.930192768573761,0.10342391304347828,0.09133504862499998
304,0.0056126402006835665,7.19097375869751,0.11013888888888915,0.09131786582500002
305,0.005329732848100626,7.425931670053375,0.1122294654498038,0.09128612259999999
306,0.006810221898341023,6.948458217116943,0.11201965065502104,0.091244089675
307,0.009511611416493938,4.403747776807365,0.095508474576271,0.09121826552500001
308,0.008283908868142677,5.329340491632019,0.10388888888888896,0.09121037342500002
309,0.008153895116800319,5.58193778442031,0.10734870317002893,0.09119676205
310,0.008610048386464385,5.575403788215236,0.10294736842105276,0.09118335047500002
311,0.007193150118971699,6.109764872050052,0.11374529012810823,0.09114546340000002
312,0.00643724621195175,7.088824369469467,0.10372448979591845,0.09110742647500002
313,0.008002149050499606,6.069820179333345,0.11199999999999911,0.091079929
314,0.006750319673693618,6.567340186094262,0.10940520446096684,0.09104389007500001
315,0.00848211293729643,6.08662166595459,0.10483333333333346,0.09102445952500003
316,0.008509816359858225,5.9703372794348235,0.1084918793503484,0.09100770130000002
317,0.006914704018682627,6.673952315137794,0.10295336787564771,0.09099211690000002
318,0.008954337657793873,6.4871764753701475,0.10813387423935115,0.09097498404999997
319,0.007414813723218271,5.976572866362285,0.09382113821138188,0.09095959945
320,0.007352652759731722,6.235025800026215,0.10846846846846868,0.090945438625
321,0.006352346833256822,6.3741191177689975,0.11309539260220622,0.09089586324999999
322,0.00673732561463455,6.711158876599006,0.1042641509433965,0.0908507584
323,0.006493174229663882,6.661722634055398,0.10810909090909103,0.09083727189999999
324,0.005731407461417282,6.641083505418566,0.09538461538461529,0.0908274817
325,0.006579170131468952,6.829001581917207,0.1064843750000003,0.090814969225
326,0.005671759481397807,6.875123476706488,0.11121387283236944,0.090788096125
327,0.006558532568445367,7.0400131002197455,0.1105067985166865,0.09075060864999998
328,0.006287011982680395,6.917933496935614,0.1097241379310346,0.09071953974999998
329,0.005225576992841587,7.387284621560198,0.11235246564268321,0.09067778154999999
330,0.007537635136989924,7.271650405051814,0.10856148491879368,0.09063612324999999
331,0.0062613605822214105,7.19645579537349,0.10659203980099523,0.09061531907500002
332,0.004772652354736309,7.320883120809283,0.10902777777777797,0.090592691725
333,0.005591620383460194,7.7464985075026656,0.11252336448598012,0.09055605339999999
334,0.00633887002502548,7.289266955423698,0.11130935251798522,0.09051464485000002
335,0.005068260525736297,7.389662023513548,0.09596774193548374,0.090494190325
336,0.005507455303571381,7.430842330058415,0.11201041666666552,0.090467117425
337,0.0055743337398758384,7.603710686288228,0.09504065040650396,0.09044006950000001
338,0.004514941647842837,7.589901260534922,0.0948333333333332,0.090434000575
339,0.006153608903109112,7.78802376044424,0.09622807017543843,0.09042815642500002
340,0.0064070085892295936,7.693725658675372,0.09415254237288125,0.09042236222500001
341,0.005909360302125457,7.332139943951564,0.1131591263650537,0.090387397225
342,0.005010477481291519,7.355556576938953,0.09525423728813548,0.090352432225
343,0.00546236954458571,7.440139641916311,0.11202546296296184,0.09032790677500004
344,0.005342215828534492,7.558057376690557,0.11263494967977913,0.09027903070000001
345,0.005711451015852358,7.697314182557672,0.10325791855203632,0.09024621355000002
346,0.005610893149706842,7.3248451503213055,0.11215568862275314,0.090215669125
347,0.004834896629917046,7.73096682005125,0.1087871853546913,0.09017973010000001
348,0.005900805385357385,7.817326888289468,0.10950511945392499,0.090154180675
349,0.005151835204507675,7.2877396883503085,0.09604838709677403,0.090136448425
350,0.005472264178060437,7.3919977048640195,0.1099011857707513,0.090120714175
351,0.005941414876513225,7.5093987833854206,0.10916201117318405,0.09009019472500002
352,0.006068082433193922,6.984539270401001,0.09566666666666655,0.09006931562500001
353,0.011148217122536153,6.8398305376370745,0.09549999999999985,0.090063321625
354,0.0053376637172719305,6.9915417339024915,0.11163723916532893,0.09004476520000003
355,0.007238097933508425,6.972013982905059,0.11018907563025236,0.090017317675
356,0.004641310315833896,7.122247508448413,0.09615384615384605,0.09000250750000001
357,0.0053914787273791585,7.387320779555337,0.11090502793296005,0.0899772328
358,0.0048844983181468744,7.588073426718389,0.10875444839857656,0.0899478622
359,0.006828454826142133,7.307008791558537,0.1085432098765435,0.08993072935
360,0.007540158722549677,6.9142569694519045,0.09615999999999986,0.08991749260000001
361,0.005284069304487702,7.1189388427112155,0.11134253450439065,0.08989446565000002
362,0.004535582418437673,7.494172306152052,0.10401913875598094,0.0898693408
363,0.005626704643673913,7.331102297456695,0.1129992737835873,0.08982973045
364,0.005636327556492028,7.334824957662688,0.11231492361927053,0.08977408615000003
365,0.005863756926981245,7.228840156228759,0.11159642401021638,0.089733277
366,0.005685011721281651,7.200819332462682,0.11130128956623601,0.08969241789999999
367,0.0064789255676711436,6.896755646356778,0.1116864608076002,0.089650085275
368,0.005012017877578187,7.591230608202928,0.1101380368098157,0.08961277262499998
369,0.005237093221060412,7.736366664270956,0.1123306772908368,0.08958395147500002
370,0.004562941052757775,7.841679753227667,0.10926136363636382,0.08956262282500001
371,0.00583347113280127,8.078442004827963,0.10684385382059813,0.08954631415
372,0.006827114786574384,7.5259225989381475,0.10302083333333338,0.08953400147500001
373,0.006604652944952249,7.2022906735258285,0.10426415094339626,0.08952258790000002
374,0.005709302947785168,7.330341523832029,0.10477477477477473,0.08951042507500002
375,0.005677814971054562,7.44242299783725,0.10690095846645385,0.08949706345
376,0.0045527357896133205,7.69386251258035,0.11068376068376093,0.08947755797500001
377,0.004630612612612929,7.903185090597938,0.10422794117647072,0.08945907647500001
378,0.006052218220729376,7.736822441987979,0.11093791281373777,0.08943337720000001
379,0.0064171923526613285,7.463195040798927,0.1103410852713177,0.08939836225000002
380,0.005827737916284476,7.486689360454829,0.10530303030303016,0.08937730832500002
381,0.00460969069494038,7.969087332619561,0.11254444444444368,0.08934988577500001
382,0.0046225760794448515,8.094839447423032,0.10988919667590034,0.08931839230000004
383,0.006245532466962432,7.9514671582632115,0.10533678756476662,0.08930455614999999
384,0.004067058649324761,8.026861348490076,0.09740157480314944,0.08929656415000002
385,0.004990615639835596,7.988580276489258,0.09727999999999978,0.08929027045
386,0.00527763550443402,7.94064331335593,0.11082474226804097,0.08927019055000002
387,0.007850161792726075,7.275423350454378,0.09747899159663848,0.08925026050000001
388,0.005095905143016276,7.639445116539963,0.0966386554621847,0.08924431645
389,0.005038754626324303,7.955805602324636,0.11327368421052528,0.08921761817499999
390,0.00741133247386695,7.4599870965500505,0.09512396694214856,0.08919086995000002
391,0.005076966665413893,7.81311155577104,0.11466424682395514,0.089160325525
392,0.004451793536031693,8.004084385329305,0.11042789223454844,0.08911704385000001
393,0.005888259443336194,7.829425160813875,0.11412434325744213,0.08907276317500003
394,0.0063692956464365125,7.989814620372678,0.09661157024793372,0.08904121975
395,0.005612906779709231,7.745507674187607,0.10829192546583857,0.08903015582500001
396,0.005920195314460076,7.645578553126408,0.09823076923076901,0.089018867125
397,0.005110664297980526,7.7905976144594735,0.11151121605666985,0.08899446655000001
398,0.006538763458956964,7.636866631772783,0.10661111111111135,0.08896432172500002
399,0.004177921310403064,7.70916639390539,0.0968852459016392,0.08895228377499999
400,0.0071910901834637345,7.413177229652942,0.107943661971831,0.0889403707
401,0.006512106787735654,7.16961869571355,0.11358790771678551,0.088900111
402,0.005693924989305094,7.400483450866098,0.11290640394088647,0.08885350765
403,0.00692730068425566,7.060461424072713,0.10980456026058634,0.08882296322500001
404,0.006363463480178084,6.976965167404996,0.11161512027491326,0.08878582539999999
405,0.008299951781552501,6.7078587674864245,0.1099033816425121,0.088753682575
406,0.005272258368953651,6.8648091469021795,0.10784530386740339,0.088734301975
407,0.005673585874435034,7.09411719110277,0.09793650793650774,0.088722114175
408,0.005239152797679128,7.152019329830608,0.10504424778761046,0.08871332297500001
409,0.005871595138265495,7.279266914225513,0.10944099378882,0.08869561570000004
410,0.005241824006180373,7.463980123963555,0.10886679920477146,0.08867099035
411,0.006925026938580996,7.237371811226232,0.10952736318407974,0.08864838797499996
412,0.0068951186631585806,7.041329125411638,0.09839694656488528,0.08863507630000002
413,0.00462078049550054,7.164995359162153,0.09635593220338967,0.08862885752500002
414,0.00703282994509209,7.140433136622111,0.09683333333333315,0.088622913475
415,0.005502466486220891,7.2718013397284915,0.1124900793650782,0.088594741675
416,0.005792293396467964,7.419257009294298,0.10533333333333325,0.0885639475
417,0.005311665393977344,7.444003326589036,0.10933045356371499,0.08854676470000002
418,0.006790612876960708,6.994201386980998,0.11242966751918117,0.08851567082499998
419,0.005746030411794827,7.227993191218748,0.1126650660264097,0.08847533620000002
420,0.005330091755151258,7.580107369679891,0.11137724550898086,0.0884336779
421,0.004446554298435028,7.89895750284195,0.09641666666666651,0.088409826775
422,0.00528789861265854,8.031811564655627,0.09593220338983034,0.08840388272500001
423,0.007689432555753457,7.3665234515415365,0.10982412060301516,0.08839099562499998
424,0.006568775006858881,6.952902707670416,0.10908482142857155,0.08836986677500003
425,0.005515679790846766,7.369150927295424,0.11261187214611747,0.08833133035000003
426,0.004800502044963651,7.853564361731212,0.09541666666666651,0.08830098572499999
427,0.005869320843665828,7.768602683626372,0.10898706896551742,0.08828640032500001
428,0.005315626479162992,7.517301962708153,0.11328387734915808,0.08824956219999998
429,0.00453129349977165,8.139702898292725,0.10903381642512101,0.08821397282500001
430,0.004538673577077973,8.312294563880334,0.09692307692307678,0.08820038642500001
431,0.004920891776597479,8.209994894153667,0.10936320754716995,0.08818655027500001
432,0.0058344406992690365,7.779956753301148,0.11241336633663285,0.088155781075
433,0.004127326381097704,7.992605862444384,0.10838283828382847,0.08812803385000002
434,0.00546503044474362,7.885027609449445,0.10772727272727274,0.088112224675
435,0.0057634346040456265,7.63113620301017,0.11180308422301233,0.08808292899999999
1,0.0019043225514866248,7.604879929469182,0.10510989010989012,0.09000547952500003
2,0.00156282125769545,8.0009293247331,0.10919028340080983,0.089988596425
3,0.008593632477641222,6.898776788264513,0.09898437499999986,0.08997306197499999
4,0.002419460226685538,8.062857739727235,0.11159517426273405,0.08995123382500002
5,0.0073626351327662235,6.99809703301257,0.10926509186351727,0.08992308699999996
6,0.002900772180215802,7.593810547165006,0.10883040935672525,0.08990075934999998
7,0.0026904258970027045,8.515935622255622,0.11306501547987506,0.08986374640000003
8,0.00899166917960195,8.399099571457326,0.10415300546448089,0.08983497520000003
9,0.016486182438873852,7.497368701668673,0.09813953488372076,0.08982718299999999
10,0.0047570672430320765,6.931480570115905,0.11092995169082048,0.08980328192500002
11,0.0038717700190499275,7.738170101077205,0.11126036484245437,0.08976754270000001
12,0.003949389582680118,7.992965109886661,0.0987096774193547,0.08974938587499998
13,0.0036691687494185905,7.927161482072646,0.0959677419354837,0.08974319207499998
14,0.0037603735211579237,7.9442574917769235,0.09722689075630245,0.08973712314999997
15,0.003826600716030934,7.86329024092195,0.10824873096446702,0.08972431097500004
16,0.0035738517944417206,7.897544873756426,0.109232505643341,0.08970340690000002
17,0.0036231767693000925,8.034146810571352,0.10432291666666649,0.089687547775
18,0.003341424317105854,8.088094447842606,0.11191366906474802,0.08966539495000002
19,0.003211138071680283,8.35301847324433,0.11274488697524135,0.08962483555
20,0.0030983770406575657,8.74956998992805,0.10791457286432168,0.089591693725
21,0.0033791501647975368,8.655142402648925,0.11039215686274524,0.089569016425
22,0.0033116142568941852,8.465643343378286,0.0981147540983605,0.089553232225
23,0.002954022969301308,8.777928021095253,0.11073208722741425,0.089534151325
24,0.027860486925969465,7.587588413741237,0.09775193798449597,0.0895148956
25,0.010971929506750733,6.273853889600498,0.10606299212598415,0.089505330175
26,0.004531424724726926,6.479502990446895,0.1127349397590353,0.08947825727499999
27,0.0038925279717994103,7.148535718863037,0.10784482758620696,0.089448836725
28,0.003559188187415651,7.668577773230417,0.11008116883116872,0.08942476082499999
29,0.003717063294713878,8.038559912386988,0.11141361256544438,0.089390295325
30,0.0038573431921630074,8.194971084594727,0.10396825396825396,0.08936649415
31,0.003630360998844696,8.25938468060251,0.09720338983050833,0.089358826825
32,0.0035939145647746517,8.23795930350699,0.09813008130081287,0.08935280785000001
33,0.004153752511505175,8.057419158794263,0.10562962962962959,0.089342992675
34,0.003893115161447739,8.084985362158882,0.10575757575757573,0.08933130437500002
35,0.009175267685470436,7.480113019456376,0.10798798798798802,0.08931804265000003
36,0.010100133264586475,6.164585269987583,0.11031250000000017,0.089296938775
37,0.007646173254906652,5.8494053161285455,0.11032148900169206,0.08926939135
38,0.004913017103989792,6.033683487492749,0.0976068376068375,0.08925170905
39,0.005530645431249414,6.347738384725563,0.10984063745019923,0.08923624952499999
40,0.0059610651707780495,6.5285596433407616,0.10967741935483884,0.08921364715
41,0.004561816675783093,6.7349324463611815,0.10547263681592038,0.08919856225
42,0.0048923809491097925,6.896070079803467,0.09783999999999982,0.0891904204
43,0.0040364539215214925,6.985957165895882,0.09796610169491514,0.08918435147500002
44,0.003977932858966812,7.136618034813994,0.10451612903225796,0.08917675907499999
45,0.006381746218941207,6.939331517822441,0.10727011494252887,0.089163422425
46,0.007368660622385756,6.255765438593667,0.11132543103448184,0.08913155432500001
47,0.007093524514562172,6.189440727233887,0.09589743589743571,0.08910545545
48,0.006012318693932326,6.134331265346711,0.10825278810408928,0.08909581509999999
49,0.004772271290862971,6.455291467111213,0.10923250564334096,0.0890780329
50,0.00469186491612345,6.667606777191162,0.09687999999999986,0.0890638471
51,0.004534390634070186,6.808725157449412,0.0979069767441859,0.08905750345
52,0.005019232482369989,7.039590808105468,0.11384799999999923,0.089023062925
53,0.005575435208932807,7.130731550852458,0.09608333333333322,0.088988847175
54,0.004526063160705639,7.602331091960271,0.11349999999999978,0.088949886175
55,0.003855451359271247,8.136021569189058,0.11354523227383763,0.08889349262500001
56,0.003882474620231589,8.561152648710506,0.10902934537246071,0.08886199915000001
57,0.00543321908277948,8.44018506222084,0.09631147540983594,0.08884788827500002
58,0.004060301424495526,8.414571980745094,0.1075138121546963,0.08883580037500001
59,0.005787493145908229,8.276963758468629,0.09599999999999986,0.088823762425
60,0.005867393918454034,7.714309222689282,0.10445692883895141,0.0888140971
61,0.004162326806318797,7.742999449497511,0.09521008403361333,0.08880445675000001
62,0.003858748112377988,8.078722823685952,0.11212389380530927,0.08878455167500003
63,0.00401521803966413,8.22608018890629,0.09585365853658524,0.0887645467
64,0.004995279613945444,8.174248372094105,0.0955084745762711,0.08875852772500001
65,0.0039670690739969615,8.213242562394164,0.11031963470319638,0.08874464162500004
66,0.004440119467142364,8.251372879386967,0.09521367521367512,0.08873078050000001
67,0.009291985563299788,7.622309998896137,0.11044025157232695,0.08871197432500001
68,0.006632285329688386,6.086097283187357,0.11138840070298792,0.08868187945
69,0.005079766178823775,6.402574468404055,0.09734374999999987,0.08866447187500001
70,0.00573086441501744,6.607294762781424,0.09635658914728663,0.0886580533
71,0.005122265039609807,6.736549319376365,0.10383763837638384,0.08864806330000001
72,0.004234348391692809,7.107322222773683,0.10752650176678463,0.08863422715
73,0.005255759023951695,7.212858057022094,0.10970588235294142,0.08861866772500002
74,0.00558709406258562,7.235500013375584,0.10870886075949396,0.08860031110000001
75,0.004552648737444542,7.411152515560389,0.09539062499999991,0.08858724917500001
76,0.0047624664452663,7.493664173754873,0.11365832614322556,0.08855510635000001
77,0.004501258622622117,7.407386314868927,0.09516666666666652,0.088523163325
78,0.004496458256923643,7.737758997738075,0.11049759229534481,0.0885046069
79,0.003947370651178062,7.95191508102417,0.09623999999999985,0.08848592559999999
80,0.004450455798894174,8.010168806406968,0.11231037489101871,0.08845415740000001
81,0.004363844472618875,8.099975432069918,0.11030351437699673,0.088409876725
82,0.0044459316113422956,8.031060544393396,0.10338709677419365,0.08838959702500003
83,0.004644347869791091,8.093460723876953,0.0955999999999999,0.08838182979999999
84,0.004406989810245179,8.008440921961334,0.10388601036269436,0.08837388775
85,0.004530822123756738,7.839753759585745,0.0962601626016259,0.08836599565
86,0.004480763846406697,7.788319229024701,0.104424778761062,0.08835727937499997
87,0.010914957613962353,4.210083088612509,0.10886051080550117,0.08833892275000002
88,0.00970733099753355,3.572969960584873,0.11007317073170739,0.08831597072500001
89,0.00811091087453119,4.694616519826664,0.11055427251732129,0.08829491680000001
90,0.007807887123467831,5.251922952077626,0.11362101313320722,0.08825747927500002
91,0.006533726992322752,5.963950517017938,0.11243688254665123,0.0882081037
92,0.007368729166589233,6.034503064938446,0.10585820895522388,0.088178658175
93,0.00636949555013724,6.407236802279594,0.11259833134684083,0.08815101085000003
94,0.006980072752798371,6.030695889935349,0.09734848484848468,0.088126760125
95,0.0053968490628329546,6.719257284465589,0.10605263157894725,0.08811871817500001
96,0.006052178995522081,6.517876924042533,0.1075562700964631,0.0881062057
97,0.006809864548121362,6.218777306987055,0.11396226415094274,0.088066670275
98,0.006083241769608213,6.661374627997022,0.11002293577981653,0.08802401297500001
99,0.005266514583096161,6.687306311170934,0.09771186440677954,0.08801017682500002
100,0.005527861174991037,6.9780531898746645,0.09813008130081284,0.08800415785
101,0.006360042546758381,6.617486212433887,0.09722689075630238,0.08799811390000001
102,0.00575977643134027,6.709985405061303,0.10502439024390242,0.08799002200000001
103,0.006254809559322894,6.893277009328206,0.10427777777777768,0.08798040662500002
104,0.007287013780620724,5.890422432965571,0.11075247524752493,0.08796329875000002
105,0.005408482023056014,6.842174793063363,0.10879056047197629,0.08794221985000002
106,0.005551116624861698,6.600638553031586,0.10808176100628938,0.087925811275
107,0.0057862099557681275,6.639170747216584,0.11276843467011582,0.08789856355000002
108,0.006729540161951076,6.494421348369942,0.10396825396825392,0.08787453760000002
109,0.006772146609751141,6.144212005645271,0.09842519685039357,0.08786664550000002
110,0.0054604275219114215,6.483140790101253,0.09780303030303013,0.08786017697500001
111,0.00763603309956654,6.722342262617899,0.1114673046251992,0.08784122095000002
112,0.007653459588594967,6.74719500541687,0.1116617210682492,0.08780872847499999
113,0.006001084541326494,6.186178440000953,0.0969105691056909,0.08778882340000001
114,0.005490441360235526,6.591126940198727,0.11114551083591313,0.08776961762499998
115,0.005006466583326095,7.054799405539908,0.09699186991869908,0.08775041185000002
116,0.006489250890928842,6.6691361948447,0.11257946210268892,0.08772691037500001
117,0.0055319800576365185,6.905104710686582,0.11481184454040827,0.08766599635
118,0.006566194743097115,7.127796037380512,0.09907692307692291,0.087622265125
119,0.005251850563264083,6.781934299166241,0.09666666666666651,0.08761587152500001
120,0.007774593639945568,6.791308054813119,0.10432558139534873,0.08760735505
121,0.006098079227775109,6.7310659441204574,0.10768060836501915,0.087595417
122,0.009891155519312198,6.659550975565709,0.1049425287356323,0.08758233010000002
123,0.007000655632404503,5.967012543323611,0.09669421487603296,0.08757278965
124,0.0056025560615429034,6.08942977587382,0.09608333333333316,0.08756677067500002
125,0.005711638556163747,6.390364467169266,0.112461059190031,0.087547739725
126,0.005761084772163519,6.687388312021891,0.11145185185185162,0.08751484765
127,0.011130678745516834,6.820416581199829,0.10789156626506034,0.087489697825
128,0.00616335459427405,5.93845599585206,0.10594890510948898,0.087474562975
129,0.006876892498007319,6.192098062546527,0.09581967213114738,0.08746467287500001
130,0.009332764106953901,5.730432446207635,0.11274941995359558,0.087440097475
131,0.007525880679429352,5.447850790062669,0.1147223637289877,0.08736954310000002
132,0.007695311035630881,5.213034299970831,0.10771844660194184,0.08731022747500002
133,0.01073333616791801,5.575825507975807,0.09842975206611554,0.0872969158
134,0.0070267894608358845,5.667581245219908,0.11138268156424545,0.08727601172500002
135,0.006390234097596948,6.215232942470167,0.10788359788359793,0.08724868907500002
136,0.005384494156352905,6.506912106449164,0.10813106796116505,0.08722895882500002
137,0.0058963139096845935,6.836565501725853,0.11369849246231034,0.08719381900000002
138,0.006447931274589969,6.681729206566831,0.11153515064562397,0.0871515613
139,0.005286679278933452,7.105797704964294,0.11033747779751336,0.0871200928
140,0.0061872773296001585,7.018852946098814,0.10968085106382983,0.087094293625
141,0.00771549687833973,6.374381749050709,0.1125651720542221,0.08705860435000001
142,0.005831328110468162,6.928983686939545,0.10786350148367957,0.08702623675
143,0.005772689968921631,7.0200230064903275,0.11115577889447248,0.08700291009999998
144,0.005549394766942603,7.163886592948372,0.11277595628415207,0.08696514790000001
145,0.005540947351058511,7.376285689217704,0.09819548872180431,0.0869389741
146,0.00519281661157341,7.401666355133057,0.0980833333333332,0.08693265542500002
147,0.006008332689857246,7.316239977682103,0.11025139664804481,0.08692071737500001
148,0.005566203228444752,7.128161589304606,0.09658119658119643,0.08690885425
149,0.00523099242668819,7.29147602327543,0.11109409190372015,0.08689451860000001
150,0.0057509299214151535,7.3996884023750225,0.11105769230769186,0.08686492322500002
151,0.006836813104410584,7.1724880658663235,0.0980769230769229,0.08684349467500001
152,0.006766769367276518,6.87048545525468,0.11282793867120962,0.08682558759999999
153,0.005187929309128473,7.179863874117533,0.10524999999999986,0.08680493327500001
154,0.005831000149791986,7.2760045622701695,0.10706214689265556,0.086790098125
155,0.006373041120996545,6.8832919751444175,0.11380785413744714,0.086745642625
156,0.005011306076292133,7.229304079962249,0.1045544554455444,0.08670498332499998
157,0.005491797084740679,7.299408871536955,0.11122935779816538,0.086686327
158,0.005192385547929516,7.367603306943271,0.10518134715025888,0.08666789544999999
159,0.004580327484291047,7.585276454181995,0.09483050847457604,0.08666012822500001
160,0.004743545283563435,7.662634563446045,0.09583999999999977,0.08665405930000002
161,0.00574992106785328,7.563780493950576,0.10994382022471932,0.086642046325
162,0.005276668864128187,7.509168872988321,0.09756097560975592,0.0866300833
163,0.008995442044752555,6.378245542931745,0.11163779527559076,0.08661115225
164,0.007349627949002439,6.254705396712636,0.10502262443438905,0.08658977365
165,0.0059447187429167705,6.42733941643925,0.0970338983050846,0.086581307125
166,0.00685648072372984,6.413032399283515,0.10548148148148148,0.08657161682500002
167,0.005446932185627148,6.7662669969889935,0.1104391217564872,0.0865523611
168,0.005004043971183733,7.083125368279604,0.10472636815920398,0.08653482865000002
169,0.005641423481834766,7.212872494724477,0.10793103448275866,0.08652184165
170,0.004726590940894527,7.29436696181863,0.09711864406779651,0.086510927575
171,0.0058908510920338076,7.40010116832091,0.10725247524752475,0.086497890625
172,0.0062325484741450055,7.154276065528393,0.1041145833333333,0.08648300552499999
173,0.005032372693919266,7.230144453048706,0.09583333333333316,0.086475213325
174,0.009703949860456149,6.95520162194725,0.09666666666666651,0.08646914439999999
175,0.0066086143707148595,6.546233838774621,0.10472324723247227,0.08645930425000004
176,0.00544131193620014,7.08327479576409,0.11017366136034676,0.0864352783
177,0.005377529815555437,7.3497582278480795,0.11102974828375305,0.0864071065
178,0.005149370538261296,7.415705493002227,0.10428030303030315,0.08638959902499999
179,0.0062913578467387295,7.170016655555139,0.11111263736263682,0.086364823825
180,0.005099983203001112,7.538588558495378,0.11195530726256894,0.08632428940000002
181,0.005098197890472408,7.968745824554204,0.10973821989528802,0.086292396325
182,0.008435019726767183,7.871708153589675,0.10470319634703205,0.08627738635
183,0.006135833016409696,7.241211366125091,0.1118975069252073,0.08625388487500002
184,0.0049223515084041115,7.681894302368164,0.11299204771371656,0.08621072807499999
185,0.005678354803126728,7.712049863477568,0.11245649948822813,0.08616120265000002
186,0.004821505433559482,7.838065209416296,0.1076011560693643,0.08612816072500001
187,0.003610552037328792,8.048858348528544,0.09549999999999986,0.08611652237499999
188,0.0049593933353549455,8.091520592526,0.11323092170465686,0.08608832560000002
189,0.004602946386483304,8.052703398434236,0.10465240641711236,0.08605845549999999
190,0.004180006455602263,8.322509842488303,0.10683582089552257,0.08604541855
191,0.004368110021341562,8.506948405165014,0.09691056910569094,0.08603398000000004
192,0.005308445434885349,8.447754976317638,0.09574803149606283,0.08602773625
193,0.00656286523500908,8.030286988904399,0.09588709677419342,0.08602146752499999
194,0.004712408351301515,7.832726494740632,0.09550847457627111,0.08601542357500001
195,0.004699510576176471,8.145213292992633,0.10908212560386492,0.08600213687500002
196,0.008263808605460148,7.747335592905681,0.09521367521367513,0.08598887515
197,0.005987076588121266,7.543907437442748,0.09347107438016508,0.0859829311
198,0.004804474152479088,7.576715417206287,0.09374999999999978,0.085976712325
199,0.005447495040166113,7.6435400090476335,0.0968992248062014,0.08597029375
200,0.0044437705322764726,7.825201231777813,0.10944038929440404,0.08595680725000002
201,0.004820658948525798,8.06733916240668,0.11106918238993706,0.085930658425
202,0.005619202061775626,7.962015406045214,0.10882239382239398,0.08590183727499999
203,0.006534135470079386,7.312556702307416,0.10969314079422399,0.085875064075
204,0.005448077522617366,7.366062137395196,0.1116754850088185,0.08584706710000002
205,0.005190508608463021,7.585400099490123,0.10662269129287623,0.08582344075000001
206,0.004806957646535625,7.8127612517226686,0.11219755826858939,0.08579147275000001
207,0.005260060487281797,7.816963931492396,0.11015476190476113,0.085747991275
208,0.004679518177484473,7.856402838230133,0.09524999999999989,0.08572401527500001
209,0.005013509874739701,7.770444441242378,0.11133253301320449,0.08570021410000003
210,0.005164868440905742,8.042629210597491,0.1083864541832672,0.08566687247500002
211,0.0049183151165068635,8.028079831053947,0.10722371967655005,0.0856450693
212,0.005380286814877763,7.765181940078735,0.11028000000000027,0.08562331607500001
213,0.00457362171064063,8.141578123403526,0.11162139219015148,0.08558140802499999
214,0.013695694907752312,5.860283623222544,0.1044957983193278,0.08554604342500002
215,0.01065391615028838,2.970369405216641,0.11277116402116394,0.085502337175
216,0.009726564153597867,3.3463725058500433,0.09644628099173537,0.08546155300000001
217,0.008749407887758718,3.655780753173397,0.1121468926553669,0.08544084872500002
218,0.007893512956798077,4.153128981590271,0.09810606060606042,0.085419869725
219,0.007302887515720148,4.639547147659781,0.11184174624829418,0.08539826635
220,0.00738398286181369,5.169943493434361,0.11082857142857147,0.085371218425
221,0.006706900611847575,5.245832920074463,0.10545064377682405,0.08535665799999999
222,0.007021542326281308,5.606602538906114,0.10979502196193247,0.0853337809
223,0.014103917275861022,8.042946569621563,0.09765624999999978,0.08531352617500002
224,0.009646602014395139,7.332928869801183,0.1075161290322582,0.08530258712500001
225,0.005708445170349909,7.083989659591733,0.11021601016518362,0.08527518954999999
226,0.006417299652226079,6.937775474380363,0.11136363636363594,0.085237951825
227,0.006191458922694437,7.032293701171875,0.10974999999999994,0.08520538442500002
228,0.0056312901079746,7.301187821463043,0.10480392156862739,0.08518530452499999
229,0.005650072448793076,7.231175980826681,0.0960465116279068,0.08517698785000001
230,0.004961572024420055,7.64225361763955,0.11229813664596143,0.08514561925000001
231,0.005705155333433582,7.938615316413788,0.11029880478087671,0.085104934975
232,0.006538592541339592,7.269499833767231,0.09561538461538449,0.08508915077500001
233,0.00535837175841091,7.308360107806551,0.09647058823529399,0.08508293200000001
234,0.005215718288629502,7.761783907898759,0.11350578624914874,0.0850432717
235,0.005420069093131186,8.022356936510871,0.1064411764705884,0.084998091925
236,0.005416653427590806,7.947235989314254,0.10376344086021506,0.08498495507500001
237,0.004599879169204521,7.960375011236959,0.10506787330316747,0.08497479025
238,0.004462882868720443,8.243414232233068,0.11065934065934085,0.08495790715
239,0.009383695559808985,6.308479036092758,0.10390000000000012,0.08494154852500001
240,0.008447008334100246,5.584265958786011,0.09703999999999985,0.08493343165000002
241,0.007429112421125239,6.284980392706582,0.11028021015761852,0.08491604905000003
242,0.005671139650293586,6.946050026477912,0.10380341880341888,0.08489594417499999
243,0.011977209817684655,7.099360193525042,0.1051530612244898,0.08488520492500003
244,0.005303143863467143,7.010239146618133,0.11010638297872367,0.08486857157500001
245,0.007238268203218467,6.898865360021591,0.1107291666666669,0.084844845325
246,0.004741864324162316,7.306954043492833,0.10791519434628984,0.0848257894
247,0.004502467566688136,7.5164294976454515,0.10375565610859744,0.08481320200000002
248,0.005184062418399748,7.454030289203105,0.11116251482799432,0.0847866286
249,0.004421298436892147,7.784538426766029,0.09623076923076904,0.084762327925
250,0.005072491828312156,7.813295044437531,0.1087311827956991,0.08474746780000002
251,0.00543030979452042,7.846993406350513,0.11125827814569549,0.08472454075
252,0.006611454090255842,7.307992329827915,0.10814126394052048,0.08470650880000001
253,0.009311071863131863,5.311499337188336,0.0943697478991596,0.0846968185
254,0.005968127087349209,6.401522959732428,0.10370731707317087,0.0846887266
255,0.005495479472268086,7.403086798741267,0.10686153846153869,0.08467548985000001
256,0.0071225775625214155,7.100746049552129,0.11085057471264391,0.08465650885
257,0.005033477210214823,7.513691629020913,0.1107160194174746,0.084625065325
258,0.004102870236916499,7.795720508543112,0.0963559322033897,0.08460153887500002
259,0.0050880129149903095,7.668449752502613,0.11256756756756658,0.08457641402499999
260,0.005436626768128404,7.630617753163472,0.10738738738738751,0.08454591955
261,0.005082506328821183,7.404402080535888,0.09655999999999983,0.08453448100000001
262,0.004692261690523057,7.828130841441162,0.11378315132605227,0.08449934117499999
263,0.005953352349632986,7.543560225344213,0.11122775800711769,0.084453287275
264,0.006256130328600461,7.363000550011332,0.1091279069767446,0.08442636422500001
265,0.0046314317824715,7.3540198821721114,0.09653543307086597,0.08441030530000002
266,0.00512995803637034,7.458189656415324,0.09653543307086598,0.08440396165
267,0.004957078118540752,7.600975802525338,0.11164939550949765,0.08437186877500001
268,0.004006280583119623,8.08434096054292,0.10769014084507053,0.08433408159999999
269,0.004329050053693667,8.153940793846836,0.0968067226890755,0.08432224345
270,0.005494681156383161,7.934717883158775,0.10434306569343076,0.08431242827499998
271,0.004225150164859617,8.078034483226,0.10384955752212396,0.08429994077500001
272,0.004921201834306877,7.889207025369008,0.11197649572649472,0.08427091982500003
273,0.004840263756399123,7.903210937424212,0.11135099337748261,0.08422868710000002
274,0.004939030244999292,7.86027272264986,0.11283533260632381,0.0841869289
275,0.007345929055036174,7.3902003515016785,0.10909090909090932,0.08415331255000001
276,0.005818393699486148,7.1597865865688135,0.11064646464646487,0.08413023565000001
277,0.004203767371031323,7.539761943233256,0.11106122448979612,0.084105635275
278,0.004564727560438691,7.8577110412273,0.1042978723404256,0.08408752840000001
279,0.004430504308491037,7.872479411644664,0.09731707317073159,0.08407858735000003
280,0.004324568983230909,7.992843440987847,0.11257954545454453,0.084053537425
281,0.004127562193763934,8.220748494018862,0.10987437185929663,0.08402161937500002
282,0.003726120647237015,8.296330034732819,0.09549999999999982,0.08400868232499999
283,0.004714132390977086,8.150342236394467,0.11038260869565251,0.08399132470000001
284,0.003302800437350842,8.212416704035988,0.09545454545454529,0.08397394210000003
285,0.003941066560243095,8.247153648660202,0.09545454545454533,0.08396789815000003
286,0.0040534076629788265,8.369000573774,0.10804804804804809,0.0839565595
287,0.003943397788510194,8.66687819075911,0.11362653208363363,0.08391360249999999
288,0.004789995228444847,8.826677823066712,0.09641666666666653,0.08387596517500003
289,0.004788833863858599,8.894621777534486,0.09708333333333317,0.08386997117499999
290,0.006041430025536459,7.615115596107179,0.11351993865030614,0.08383440677499998
291,0.005359844636657963,8.067856820769933,0.11415217391304257,0.083778862375
292,0.006504259135839791,7.7452434726477755,0.11235204855842158,0.08373942684999998
293,0.005516300888133534,7.240625422882383,0.10977667493796534,0.08371290340000001
294,0.00456063743604318,7.647912088781595,0.09812499999999981,0.083699641675
295,0.005179281761096094,7.922705850749157,0.11176304654442834,0.08367873760000001
296,0.007166322082751891,7.479640043698824,0.10818681318681324,0.08365193942500002
297,0.004645727433901476,7.594200893900449,0.11303571428571314,0.08361627512500001
298,0.005667243531709944,7.817255541121366,0.11248219735503456,0.08356515130000003
299,0.005084524874221712,7.630814770093331,0.10499999999999984,0.08353540607500001
300,0.004028019702728592,7.972957943901798,0.10901015228426417,0.083520371125
301,0.005178714725012313,7.925555035977545,0.10872255489021974,0.08349801849999999
302,0.005481319442059439,7.889718723769235,0.10524752475247509,0.083480461075
303,0.004281066083681903,8.125035244396754,0.11175714285714243,0.083457933625
304,0.004347049009673396,8.367775352973512,0.11149441340782085,0.08342256902499999
305,0.004301929438531579,8.57045436250158,0.11189156626505947,0.083383957675
306,0.006511113110148363,8.504882327580857,0.09686440677966088,0.083360281375
307,0.004359737873631589,8.283986523556752,0.11159963436928559,0.08333001167500001
308,0.005965679422843095,8.401362348347902,0.0973437499999998,0.08329949222500001
309,0.007342124330655982,7.760875387986501,0.09624999999999982,0.08329329842500001
310,0.00441237619559559,8.155345522988704,0.11230927835051431,0.08326607567500002
311,0.004259952768594082,8.62922402378378,0.11402214022140221,0.08320800880000001
312,0.0043948200792816566,8.513943422474147,0.11283091787439495,0.08314831855
313,0.0038655028677560153,8.724457794850267,0.1113543307086613,0.08310661030000001
314,0.003968097844966233,9.12198613204851,0.1105777166437408,0.08307259435000001
315,0.0040887030507748955,8.900809399994762,0.10825910931174111,0.08304209987500001
316,0.004913321595096877,8.732225406703664,0.10808955223880616,0.0830213956
317,0.0039139517618515885,8.761624234152213,0.10892950391644933,0.08300346355000003
318,0.0035346395731160538,8.940803664795896,0.10934397163120595,0.08297981222499999
319,0.0046511673370811255,8.90764604555933,0.11109210526315733,0.08294674532500002
320,0.004584021127480448,8.70486276636573,0.11281675392670044,0.0829039132
321,0.0064642866177914236,8.115011136610429,0.10454212454212461,0.0828732439
322,0.009770565258307207,7.760538003383538,0.09572649572649561,0.08286350365
323,0.00433049897267752,8.070878314071287,0.11243441762854046,0.0828367804
324,0.004712353696787302,8.338300061100627,0.11000000000000024,0.08279871850000001
325,0.0038155736558043705,8.68268702301798,0.1122925457102667,0.08276670055
326,0.004794875758253895,8.841029395618198,0.110313807531381,0.082737005275
327,0.009274156549536687,7.782472817952396,0.10541984732824426,0.082718523775
328,0.004315512125701213,7.585265828781769,0.09697478991596634,0.0827090083
329,0.004421126712742617,7.857048544748676,0.10806100217864956,0.08269457275
330,0.004443370554272987,8.251048786999428,0.10885844748858471,0.08267217017500002
331,0.0045486284889193485,8.43952894783937,0.10903846153846167,0.08265084152500003
332,0.004571152055691725,8.469185896541761,0.10336956521739132,0.08263585652500001
333,0.004386607033098343,8.470122974674876,0.10917073170731723,0.08262102137500002
334,0.003734171610674269,8.70534588601352,0.10331753554502396,0.0826055119
335,0.0044706144935068816,8.529578748599503,0.09728682170542619,0.08259702039999998
336,0.003906965767147771,8.647622583623518,0.1069473684210528,0.08258668075000002
337,0.004044964369028233,8.666685826228216,0.10763076923076935,0.08257144599999999
338,0.0038037757013162183,8.773962092330889,0.10749279538904923,0.0825546628
339,0.004137183541375823,8.516295694482737,0.10686206896551748,0.08253875372500001
340,0.004633072420229055,8.524812068019648,0.11191290824261248,0.08251545205
341,0.005174281289645072,8.31322150397337,0.11126331811263315,0.08248298455
342,0.004242406209795585,8.14537932795863,0.09491935483870953,0.08246347907499998
343,0.008082979598135177,7.558364638878453,0.10969758064516154,0.08244799457499999
344,0.005947618646762119,6.536927300233107,0.09653846153846139,0.08243236022500001
345,0.005180030147287854,7.652267443285826,0.11384518828452117,0.08236942322500002
346,0.0053087709070827865,8.148291139200788,0.11341977309562314,0.08227891382500002
347,0.004087137889512109,8.20524059786941,0.10748484848484859,0.08223985292500002
348,0.00629873953149056,7.54564071536528,0.11167315175097299,0.082218774025
349,0.00531725183091402,7.807887265653369,0.11266226622662182,0.08218323460000002
350,0.007126020602510729,7.8207556341389335,0.11280998389693993,0.08212951337500002
351,0.00689075380647793,7.23803665234258,0.11051118210862614,0.082082860075
352,0.0057289518125645525,7.366092803674343,0.10450216450216455,0.08206145649999999
353,0.004690556603140737,7.579331890981,0.10484962406015043,0.082049043925
354,0.006171429781423501,7.73111632096274,0.11100133511348413,0.0820236943
355,0.00678954397584366,7.490560669443268,0.10906759906759918,0.08199427375
356,0.004906023309996195,7.347143624575083,0.10480916030534358,0.081977016025
357,0.004557289955546222,7.862995800896297,0.11080952380952368,0.081954738325
358,0.0059552993705199704,7.639123994343533,0.11312261995430298,0.08190621190000001
359,0.006895845918296256,7.359330721543745,0.11361785434612362,0.08184152665
360,0.005124834504686604,7.166089767266896,0.09743801652892556,0.08180661160000001
361,0.004276572282426059,7.3535949363708495,0.09655999999999984,0.08180046775
362,0.004556253528414619,7.562706697554815,0.09650793650793633,0.08179419902500001
363,0.0052597815515068565,7.644106570534084,0.09565217391304337,0.08178818005000002
364,0.004230630270635279,7.6626438837784985,0.0970769230769229,0.081782061175
365,0.006122790930299636,7.605363552710589,0.10717647058823547,0.081770322925
366,0.011902999203454145,6.970757274177131,0.09692913385826757,0.08175865959999999
367,0.007917542737684365,6.889884958716587,0.10366492146596858,0.08175071755
368,0.005674237316147147,7.0301656047265215,0.10866267465069877,0.08173343485000002
369,0.004415941241994857,7.203765087939323,0.1048404255319149,0.081716227075
370,0.006068975986778831,7.296471846342521,0.11346994535519005,0.081684109225
371,0.004924403539722788,7.616371625633779,0.1117739403453689,0.0816407776
372,0.006730617846447525,7.288214185408184,0.10870535714285741,0.08161367972500001
373,0.005792765687738129,7.315206679664351,0.11335727109515142,0.08157466877500003
374,0.004269717293035271,7.890504975604196,0.09572649572649561,0.08154392455000001
375,0.005876534426719864,7.560804016084919,0.10832713754646851,0.08153428420000002
376,0.004167174895520147,7.925005478599963,0.1104952076677315,0.08151193157500002
377,0.005328753924199631,8.058126148075115,0.10821727019498614,0.08148733120000001
378,0.004396647137279312,7.972926842538934,0.09587719298245596,0.081475518025
379,0.005755848705525111,7.699311220852259,0.11446071904128008,0.08141640220000002
380,0.003709465852044823,8.337750369502652,0.096532258064516,0.08135703662499999
381,0.008349211207165546,7.700162175638098,0.10746518105849599,0.0813449737
382,0.008553904216520148,7.605290715625177,0.10481327800829861,0.0813299887
383,0.006462584585241741,7.367751015176018,0.10942446043165475,0.08131355515
384,0.005053266300819814,7.463348217329275,0.10749303621169934,0.08129417455000001
385,0.004722223073566476,7.66022095313439,0.09615384615384596,0.081281961775
386,0.004256655759378221,7.687764104732797,0.09619834710743787,0.08127569305
387,0.01106114820856601,7.344820457458496,0.09727999999999987,0.08126954919999999
388,0.004626618714423447,7.549400609063123,0.1108688783570299,0.08125061814999998
389,0.0046556192142786,7.853254518456222,0.1044198895027624,0.0812302885
390,0.005385035066865385,7.934394023457512,0.09639344262295066,0.08122272107499999
391,0.005081230034942136,7.72394917642369,0.1068750000000003,0.08121288092500001
392,0.006827216831802046,7.737463843202737,0.10727828746177395,0.08119792090000001
393,0.004270203036463095,7.465936155400724,0.09709401709401701,0.08118683200000001
394,0.004954622837861902,7.576364692888762,0.0964661654135337,0.08118058824999999
395,0.004783821989115098,7.656470466805814,0.10828375286041222,0.08116635250000001
396,0.007135595604028778,7.612337232880403,0.10841336116910248,0.0811434754
397,0.00696793384927292,7.243826668874353,0.10920353982300908,0.08112022367500002
398,0.005767796201325837,7.088655818253756,0.09554687499999984,0.081105738175
399,0.0050395320018342665,7.537636274999043,0.11058962264150834,0.08108136257500001
400,0.004339062225374722,7.860527669598243,0.10766467065868285,0.08105184212500001
401,0.006191395393185569,8.044796974471446,0.10679775280898895,0.08103460937500001
402,0.005022422921370955,7.7815697564278175,0.11276283618581806,0.08099507395
403,0.004862250156954608,8.058801406671193,0.0969421487603305,0.08096140765
404,0.005142280393192778,7.786766362190247,0.1080625000000003,0.080946397675
405,0.004437132078370579,8.121530995136354,0.1077743902439025,0.08092621787500001
406,0.004265423306903752,8.308027864557452,0.11115044247787628,0.08090673737500002
407,0.004802343846122975,8.066635771302987,0.10745033112582797,0.080887906225
408,0.005400861823816963,8.102933257365088,0.11263157894736756,0.08085901015000004
409,0.0047077529434416746,7.896375573647989,0.10405405405405417,0.08083303615
410,0.0044149519959113225,7.946781253814697,0.10415094339622645,0.0808217974
411,0.0037261115896280823,8.16588359925805,0.09609756097560965,0.0808121071
412,0.003655651026071073,8.40452457958962,0.10754578754578764,0.08080221700000002
413,0.004253167767482521,8.460181498680686,0.11042826552462552,0.08078373550000002
414,0.004062657434106394,8.328916433979483,0.10507352941176476,0.08076527897500001
415,0.004962162620802523,8.336610778560484,0.11176829268292707,0.080746198075
416,0.0047405298935149194,8.166335918410304,0.11145892351274748,0.08071627802500002
417,0.0052480291192316345,7.942688776652019,0.1027111111111112,0.08069302629999998
418,0.004216649707061528,8.084833708302728,0.09267241379310323,0.08068450982500001
419,0.004934815654044959,8.202277382964608,0.10767295597484279,0.08067367067500003
420,0.005943722338031115,7.769650776039549,0.11136445242369859,0.08065181755000002
421,0.0045731438754592095,7.851291882991791,0.1042,0.08063291147500001
422,0.008040078575551236,7.927263819254362,0.11126602564102556,0.080612332075
423,0.0052134889589909176,6.751334752791967,0.09658119658119645,0.08059382560000002
424,0.004738557251002738,7.043514968226195,0.10481481481481475,0.08058618325000001
425,0.004461721479132467,7.299862761886752,0.10397959183673472,0.080576567875
426,0.005948464957469679,7.360574779964328,0.11431592861863861,0.08053388560000001
427,0.004639941869461308,7.6048206513927825,0.09725806451612888,0.080493001525
428,0.005231238340958953,7.626722351074219,0.0977599999999998,0.08048678275
429,0.00403129947842396,7.897996084487184,0.10728723404255333,0.080474270275
430,0.004870431932907265,7.953967159396999,0.10912087912087926,0.08045351605
431,0.0043729514963772205,8.135864754192164,0.09696721311475395,0.08043910547500001
432,0.0038761002505914525,8.198343171339769,0.10790769230769225,0.08042794165
433,0.0069706036068570565,7.82855384882632,0.1087584650112868,0.08040876085
434,0.005547176532579972,7.647841890529952,0.11216718266253851,0.08038156307500001
435,0.00487412234554165,7.936530433334671,0.11289335664335548,0.08033685782500002
436,0.007539881124088848,7.632341196930525,0.11033009708737883,0.08029542430000002
437,0.003952434741896232,7.699309810444161,0.1091666666666668,0.08027177297500003
438,0.005191592069572088,7.853060513112083,0.11055223880596997,0.08024425052500002
439,0.005396348669593401,7.610928206358406,0.11343461747151491,0.08018148835
440,0.006687116607650266,7.5444495075112865,0.10892938496583159,0.08012449540000004
441,0.004952762966944915,7.752052261537893,0.11147335423197477,0.080097597325
442,0.006949848629867189,7.364394072449384,0.1129324546952224,0.08006650345000002
443,0.005298236845609494,7.530462302170791,0.10476190476190463,0.08004557440000001
444,0.004471962787707138,7.650947484813753,0.09663934426229491,0.080036758225
445,0.005449440093711019,7.919037239074707,0.09759999999999981,0.08003058939999999
446,0.005847211192877616,7.879478796047367,0.1108517350157728,0.08001163337499999
447,0.005103374595466234,7.611435465251698,0.10770588235294128,0.07998730772500001
448,0.007445178970324115,7.110585375464349,0.11055007052186137,0.07996110895
449,0.004418065404105518,7.259379074308607,0.10488888888888873,0.07993890617500002
450,0.005854180544137363,7.436388671613342,0.10927797833935005,0.07992749260000001
451,0.004299029539937951,7.336234980537778,0.1052857142857143,0.079915329775
452,0.004895055650752253,7.675566283264601,0.10777456647398848,0.079901443675
453,0.007024686679093016,7.697740021267453,0.10594594594594577,0.07988818195
454,0.005818895287711861,7.269089861671524,0.11011551155115519,0.07986842672499998
455,0.004957017402718716,7.490770243391206,0.1087848101265824,0.07984342675
456,0.004482779451795766,7.755283677393262,0.11237187127532694,0.0798126076
457,0.008424912097999889,7.732525026434689,0.1109470304975921,0.07977609415
458,0.005583006216045049,6.6684979632384795,0.11090225563909745,0.07974392635
459,0.00563384641555344,7.2250879657411655,0.11128644939965704,0.07971275755
460,0.007165008494561808,6.7604861675374925,0.1110565110565103,0.079677867475
461,0.00611340914504352,7.008877425863032,0.10989766081871312,0.079640454925
462,0.005297662792819867,7.119106911665557,0.10817880794701987,0.079615829575
463,0.0049430650407315995,7.445554170563323,0.10516587677725106,0.07960301739999999
464,0.0048843081817286065,7.5279834590546075,0.10778082191780827,0.0795886318
465,0.005471862034456975,7.478081245839369,0.11256653992395312,0.07955324222500001
466,0.004109045289281267,7.582469303099836,0.09713114754098345,0.079523921575
467,0.005858974894757546,7.572222430105428,0.11227480916030498,0.07950451600000001
468,0.005267165508913193,7.455960432039637,0.11088435374149602,0.07946980075000001
469,0.0064805985845322175,7.628528297779172,0.1046046511627907,0.07944607449999999
470,0.0052423445611727145,7.525066792379756,0.11354838709677388,0.079405090525
471,0.00786962982347001,7.057473949764086,0.10971014492753638,0.079359136525
472,0.0051814941906138745,7.539744458392771,0.11304239401496151,0.07931875194999999
473,0.0048450180592079185,7.8564761698526215,0.11427803895231715,0.07925151925000001
474,0.004159744471034481,8.346838718603465,0.09512396694214861,0.07921130950000001
475,0.005385046708462567,8.03331953822934,0.1134785036292572,0.07916355729999998
476,0.003993345863120847,8.141522004622821,0.09658914728682151,0.0791156053
477,0.005010365836726574,8.074262980273481,0.11135902636916725,0.079087758175
478,0.004640919296841222,8.21289028627298,0.11141073657927512,0.07904312785
479,0.004834803764394856,8.240884755951127,0.10735294117647076,0.07901548052500001
480,0.005493923780119225,8.389305131293867,0.11277625570776112,0.07898049055
481,0.005703643347665554,7.741172117211395,0.11112810707456845,0.07892701907500001
482,0.004115160566587479,8.121424491588886,0.0957264957264956,0.07889797315000001
483,0.006315758772955991,7.734938398852163,0.1081093394077452,0.07888408704999998
484,0.0052850470142700124,7.694342104073997,0.10897196261682267,0.07886243372499999
485,0.005119587641627509,7.675019940551446,0.10346938775510227,0.078846849325
486,0.005041878053487364,7.904791372112421,0.10706231454005957,0.07883353765
487,0.005039172602715261,7.980746830226584,0.11353006681514556,0.078780265975
488,0.0037343250852593076,8.25647654959826,0.09430894308943075,0.07873233895
489,0.00377263285542628,8.351886245512194,0.09620967741935472,0.07872617012500001
490,0.0048343717618981276,8.367815036672496,0.10941644562334236,0.07871365765000002
491,0.003981416296613004,8.555329322814941,0.09529411764705874,0.07870127005000001
492,0.004246148500048245,8.449402912457783,0.09524999999999985,0.07869530102500003
493,0.004596739376546534,8.427783290767136,0.1109776536312843,0.078674421925
494,0.0054125824398681445,8.44963538457477,0.10349206349206357,0.07865181955000002
495,0.0048997582851833905,8.210651439761524,0.11166459627329114,0.07862699440000002
496,0.004828671885661606,8.105426833033562,0.09632812499999983,0.078603692725
497,0.003959539622912358,8.505747526705623,0.11071856287425161,0.07858798345000002
498,0.005075958527347056,8.293466016286757,0.11217987804878034,0.07855908737499999
499,0.005274215057667932,8.127979091279574,0.10963824289405624,0.07852337312500002
500,0.0049590075555620075,8.068575262113383,0.11067175572519079,0.07848768384999999
501,0.0048655038809136495,8.16817031954436,0.10367713004484308,0.07846575580000001
502,0.0048908373127689005,8.255534612600572,0.10981627296587931,0.0784506709
503,0.005681862715294862,8.264969944953918,0.10521276595744676,0.078436460125
504,0.004446534240442152,8.279975782858358,0.10356756756756741,0.07842714445
505,0.004564309417764185,8.32612845189112,0.11332042594385155,0.0783967249
506,0.004845692383132427,8.45797334040018,0.0967669172932329,0.07836760405000001
507,0.004325197127430135,8.505119831835637,0.09606557377049169,0.078361235425
508,0.004934508668285021,8.234909243834004,0.11236875800256023,0.07833868299999999
509,0.005749174378402928,7.733842716962806,0.11304502369668183,0.07829809862499998
510,0.00496899054354281,8.049135386073676,0.11242700729926874,0.07824964712499999
511,0.007595865109506699,7.775044335259332,0.09738095238095223,0.078219127675
512,0.0047531300944802886,8.05834038335769,0.11157103825136569,0.07819769912499999
513,0.005425593832273121,8.062462470367665,0.11103816793893104,0.0781630588
514,0.0053236131521248045,7.995796939118268,0.11136986301369822,0.078128468425
515,0.004703325316854312,8.213242361402102,0.10702005730659038,0.07810152040000001
516,0.004184312055574958,8.47459561996699,0.10796238244514117,0.07808483710000001
517,0.004358954042482403,8.530504728416842,0.10401606425702829,0.0780706513
518,0.004905061484694572,8.38062902894302,0.11245501285346968,0.07804500197500001
519,0.005107344534961763,8.277288730014732,0.11168623265741641,0.07800216985000001
520,0.004275415736706333,8.557724245051121,0.1125744680851052,0.07795529177500002
521,0.005424701757354862,8.790892643587929,0.10500000000000011,0.07792622087500001
522,0.004338884393126302,8.509398266673088,0.10715909090909105,0.07791183527500001
523,0.004301119391604869,8.60448444542007,0.11201492537313368,0.07788296417500001
524,0.004157672951481597,8.607266188691103,0.10399141630901287,0.07785706510000001
525,0.003909386761932626,8.731211149392008,0.09588235294117631,0.07784827390000001
526,0.003671220525628445,8.798273103950667,0.10434306569343073,0.077838458725
527,0.005395701440693198,8.37824993663364,0.1121201814058948,0.077809587625
528,0.004093530360813165,8.516321019746771,0.10870646766169188,0.07777751972500001
529,0.004346265118830361,8.63741734783824,0.10617073170731738,0.07775724002500002
530,0.004221479417609535,8.527977297625204,0.09645669291338568,0.07774382845000001
531,0.004041690371418811,8.616248868546396,0.10396226415094341,0.077735361925
532,0.005175887293010136,8.60653014142974,0.09487394957983182,0.07772709520000001
533,0.004769260366845271,8.402184664082323,0.11253846153846012,0.077694902425
534,0.008208629574884123,8.198352848611227,0.09601626016260154,0.07766260975000001
535,0.005089263389105413,8.001395576804347,0.11301775147928955,0.077625771625
536,0.004582366655339747,8.1208264897036,0.10752906976744199,0.07758341402499999
537,0.003947927893219654,8.375569335512212,0.10952702702702716,0.077560037425
538,0.005969435955883227,8.156191427316239,0.11290470723306455,0.077523499
539,0.007338208005568313,7.895954132080078,0.09483870967741925,0.07749864887499998
540,0.004491222435117503,7.9893235333111825,0.10833333333333339,0.07748820932500003
541,0.00412451544019415,8.273136790472133,0.09687022900763344,0.07747759495000002
542,0.004956590395480351,8.182000050988309,0.11098837209302205,0.07745284472500001
543,0.0046612864699011715,8.289739545186361,0.11153846153846088,0.077411885725
544,0.0049585574395608545,8.3846370680643,0.1138173302107722,0.07736041225000001
545,0.004209336871281266,8.163447365579726,0.10934177215189889,0.07731855415000001
546,0.00406896612365922,8.385610752968333,0.10447236180904541,0.07730371899999999
547,0.004360087771478686,8.506551917848133,0.11038095238095252,0.0772856371
548,0.00472259150632515,8.603180456969698,0.09533898305084733,0.077269578175
549,0.004652882713833594,8.502479582596608,0.11265913757700104,0.07724230547500001
550,0.0037448459916811496,8.605684452656051,0.10356020942408381,0.07721320960000001
551,0.004619244555730083,8.545049402811756,0.10956621004566224,0.07719750032500002
552,0.00572274550708678,8.17275938489544,0.10716417910447781,0.07717819465
553,0.005120774936166382,8.356119059458026,0.11127003699136798,0.0771495733
554,0.004510636261494999,8.203394537061733,0.1073354231974924,0.07712135155000001
555,0.004254080137735598,8.33080613550055,0.10949735449735455,0.07710394397499999
556,0.00421197712922314,8.548111567511404,0.1080118694362018,0.07708608685000001
557,0.0041887313901619585,8.704155445098877,0.10381443298969065,0.077072825125
558,0.004423641267401929,8.640781929709695,0.10796363636363633,0.07706111185000002
559,0.004272825499417402,8.734217122823251,0.09705882352941157,0.0770512717
560,0.00825831497879848,7.787438771663568,0.11056089743589752,0.077032715275
561,0.0035680365453896333,8.193214523992378,0.10959232613908879,0.0770067163
562,0.0044632601690727655,8.414500274937668,0.10985347985348005,0.07698266537500001
563,0.004458293067172991,8.50460940902516,0.10432203389830506,0.07696313492500001
564,0.005105373445495382,8.44558212672565,0.11297872340425494,0.07693963344999999
565,0.006750041441149386,8.363769995099375,0.10513618677042794,0.0769156075
566,0.004935876863879806,7.997584640557039,0.10847517730496464,0.07690214597500002
567,0.005657270910220635,8.157705372877984,0.11196821515892358,0.07687467347499999
568,0.005889640240158264,7.849830884282025,0.11274356103023411,0.07683194125
569,0.0040475663712034775,7.996396521727244,0.10505208333333314,0.07680484337500001
570,0.005587867749456383,8.161495521047094,0.11167567567567438,0.076772325925
571,0.005511830542057466,7.669826365739871,0.10851282051282046,0.07673486342499998
572,0.00392147471328948,7.781786543177807,0.0974015748031494,0.07672195135
573,0.008841688089335007,8.017507636094395,0.10829113924050628,0.076710887425
574,0.004441596946381443,7.622149177819244,0.11144628099173501,0.07668486347499999
575,0.00846248703552195,7.079019866658782,0.11097690941385437,0.07665267070000002
576,0.006124010068609085,7.39857060476516,0.11242390078917613,0.07661645695000001
577,0.004604824316583212,7.522142464478201,0.11247765006385635,0.0765747487
578,0.004818561919430364,7.874060468853645,0.11095911949685529,0.07653930917500001
579,0.004309863164603087,7.974936711924157,0.10387832699619781,0.07651685665
580,0.008267265033668302,7.910809457663333,0.10866666666666673,0.076502046475
581,0.009623327429624176,6.980115500484862,0.11039215686274444,0.076475972575
582,0.00602401361722818,6.478282001695744,0.1104085603112842,0.07644530327499999
583,0.004657904689573368,6.692278066218294,0.10860927152317877,0.076424923675
584,0.006604762501070307,7.059372419307574,0.11225325884543634,0.076390558075
585,0.005236131672234255,6.686690067758366,0.10514285714285725,0.07635761605000001
586,0.007178556944567772,6.666527604090795,0.10996316758747715,0.07633793574999999
587,0.006115934498023328,6.626693284234335,0.10988372093023258,0.07631363507500001
588,0.005270795725286007,6.990124977111816,0.0972799999999998,0.07629977395000001
589,0.004567431928754153,7.3923836066680835,0.10760705289672551,0.07628673700000001
1,0.0031781388823930996,9.110419337970844,0.11945205479452006,0.07750611639999999
2,0.0030699687518449537,11.071051871404052,0.12302083333333469,0.077451346225
3,0.003123216752636502,11.322459489308772,0.12047361299052722,0.0773945281
4,0.0030301839139185638,11.195208577232412,0.12375497567448396,0.07731960310000001
5,0.011317710817714665,11.108433779003551,0.09669902912621353,0.0772605622
6,0.0038885807163049385,10.434876683361846,0.12253132832080173,0.0772280947
7,0.025728645396022196,8.537930687268576,0.0947222222222221,0.07719550232500001
8,0.006855997670645118,8.644262748743113,0.11465798045602604,0.0771851377
9,0.0037105412836340125,9.475335044612596,0.122725958062184,0.07714292995000001
10,0.03762656726846189,9.630883370987092,0.0955555555555555,0.077105917
11,0.015706506937190338,7.84119697411855,0.09648148148148142,0.07710074717500001
12,0.004982409369440215,7.788559247951697,0.09455445544554446,0.07709552739999999
13,0.024927291586063802,7.387631139755249,0.09549999999999996,0.07709050742500001
14,0.012585205799211099,6.861174558610564,0.11735357917570513,0.07707649644999999
15,0.006287820450048528,6.261560168920779,0.09578431372549016,0.07706243552500001
16,0.01028352509261948,6.123108608887927,0.11,0.07705484312500001
17,0.010034153806582954,6.1178676302616415,0.09615384615384612,0.07704720077500002
18,0.00913210412249919,6.081879313723499,0.11258964143426296,0.07703833465
19,0.015713474348041358,5.878438496122174,0.09588235294117638,0.077029518475
20,0.010998586293514053,5.388485353286952,0.11553424657534248,0.07701785515
21,0.00927167199112756,5.411011061578427,0.09632075471698111,0.07700609192500002
22,0.009412158908435522,5.282834353157506,0.11466453674121403,0.0769956274
23,0.00734539750643122,5.579475956813545,0.1205605095541395,0.07696820485
24,0.004769224745674169,7.35885299016345,0.12317011610297998,0.07689912399999999
25,0.007204479832836563,8.194231135859685,0.12209383145091171,0.0768209023
26,0.007916824941057712,7.935758643150329,0.09739999999999994,0.076789658575
27,0.006277592394738195,7.990869661547103,0.09528301886792441,0.07678451372500002
28,0.0053370034160835095,8.001104295643326,0.10601307189542471,0.07677804519999999
29,0.004389853782361676,8.344650341246586,0.120580204778156,0.076752271
30,0.004411610512905051,8.766310984619984,0.12126357354392779,0.07670501830000001
31,0.007515477785582785,8.056282899399434,0.12182644628099143,0.076649498875
32,0.01635453650626437,7.830660588670485,0.09435643564356426,0.07661675665
33,0.006965153097873168,7.88546041153359,0.11832504145936978,0.07659917425
34,0.006334342227167883,7.63486572890776,0.1183946488294314,0.076569179275
35,0.0043898669257760045,7.885509586334228,0.09579999999999997,0.07655174672500001
36,0.0038914256917331556,8.010352707872487,0.09575757575757571,0.07654677670000001
37,0.007596777411067573,7.0398041046204,0.12392019600980671,0.0764729506
38,0.00421560908495388,8.043952516147069,0.1143506493506494,0.07639390472500002
39,0.004985021860661483,8.149846100571132,0.09623762376237618,0.07638368995
40,0.005867458660849108,7.913250309480747,0.11862676056338024,0.076366981675
41,0.008300946237657768,7.531512628667008,0.12092190889370819,0.076329768925
42,0.004545593172044373,7.164675835335609,0.10900990099009904,0.07630169702500002
43,0.006889227596121741,7.487249095974924,0.1166230936819174,0.07628518855000001
44,0.005150688989487078,7.590225324358259,0.12097142857142779,0.0762518719
45,0.005219383514486253,7.9799951874479955,0.0925510204081631,0.076227571225
46,0.006517273473569699,7.696328685158178,0.11784210526315782,0.07621088792500001
47,0.008470120566962945,7.4950419291101325,0.09393939393939388,0.07619417965000001
48,0.006095268388333566,7.657302359038709,0.11805882352941192,0.076178969875
49,0.005637430347307117,7.775945385382963,0.11656587473002183,0.0761546692
50,0.00821020608859813,7.436377081293968,0.12005095541401178,0.0761235004
51,0.005553682371387331,7.24144733609177,0.11157480314960641,0.076097551375
52,0.005699803252640527,7.276265588461184,0.10892156862745105,0.076086112825
53,0.024003194947953072,6.893952777084795,0.0948543689320388,0.07607844550000001
54,0.011201676640399349,6.1250015742638535,0.11617647058823545,0.076065683275
55,0.008569545419879794,5.938402113245431,0.12199703043801075,0.07602185215000001
56,0.006477078109386537,6.498998203545885,0.12063938618925749,0.075968680375
57,0.010610419868109082,6.54110461473465,0.09687499999999995,0.07594635272499999
58,0.005696652729929697,6.289033003527709,0.09363636363636355,0.07594108299999999
59,0.005797127836706991,6.446029118129185,0.09377551020408159,0.075936162925
60,0.009260059943832602,6.356122171556628,0.11154440154440168,0.07592724685
61,0.0074493683235246745,6.605627345660376,0.11146825396825412,0.07591448462499999
62,0.010537502553630382,6.5366424673642864,0.11333333333333347,0.07590039872499998
63,0.007119589098085301,6.482209486314421,0.12324230602514412,0.07583498920000001
64,0.009075838391366135,7.326308830674872,0.1158554216867471,0.07576700724999999
65,0.010426348755501356,6.772341005163255,0.10359477124183003,0.07575282145
66,0.004614482530289226,6.667651528059834,0.09333333333333324,0.07574652775000001
67,0.005618603027424645,7.086872410747045,0.12100342075256475,0.07572215215000001
68,0.008506297999992966,7.472372837066651,0.0929999999999999,0.075697751575
69,0.008110303339441826,7.256759669540363,0.11979564032697484,0.075676922425
70,0.007196443033806648,6.637632654925462,0.11875576036866316,0.07564233205000001
71,0.00554675961261973,7.3103943467727435,0.12112315270935828,0.0756007237
72,0.004528998766920678,8.002209526091699,0.11128404669260708,0.0755689555
73,0.006184061426776336,7.636850312593821,0.12251351351351404,0.07552557392499999
74,0.0056246421945018305,7.967285618688878,0.118063943161634,0.07547454999999999
75,0.009628603482882981,7.036718408723444,0.11099616858237558,0.0754539706
76,0.005286919990626787,7.494147694226608,0.09466019417475718,0.07544487970000001
77,0.004652807860850141,7.992731092893161,0.1190307692307688,0.07542607352500003
78,0.011068658951757099,6.286235416816373,0.12166502463054063,0.07538449015000001
79,0.010161980697579509,5.679935088489047,0.11745173745173756,0.07534620347499998
80,0.008862221794385863,5.781689516987119,0.11837499999999998,0.07531928042500001
81,0.009039958328369777,6.722221340451922,0.0954081632653061,0.07530284687500001
82,0.007088713039947898,6.636490812538363,0.11829787234042548,0.07528631342499999
83,0.0073451009492417315,6.840348148021568,0.12091836734693781,0.07525019957499998
84,0.005114221460938167,7.785187932161184,0.11207692307692303,0.075221678125
85,0.006317566845895458,7.497469714533464,0.12147695202257627,0.07518863619999999
86,0.008264335617423058,7.343792302078671,0.11450000000000016,0.07515309677500001
87,0.006575088972935004,7.303839197649865,0.11990514905148986,0.07512567422500001
88,0.005857440044637769,7.29696195602417,0.09439999999999993,0.075104745175
89,0.008080715035070098,6.787637280482872,0.10339869281045733,0.07509842650000001
90,0.00576744012793638,7.475374988855676,0.11884437596301958,0.07507839655
91,0.007197596742771566,7.027904891967774,0.09369999999999992,0.07505969027500001
92,0.006976948531718888,7.257247810270272,0.10950980392156859,0.07505209787500002
93,0.005703603876675041,7.60780198349912,0.11741452991452998,0.07503531467499999
94,0.005433955963179109,7.6700358989734,0.10937198067632843,0.07501845655
95,0.00650935096059446,7.600151744033351,0.10472727272727252,0.07500916585
96,0.006276808685151401,7.202993662326367,0.10487012987012975,0.075001198825
97,0.006541977667712357,7.546814014709073,0.11671023965141629,0.07498588915
98,0.009906736338593083,7.60774686750398,0.11652811735941326,0.07496421085000002
99,0.00754153211780179,7.0634708893604765,0.1043589743589743,0.07495009997499999
100,0.009233703816040273,6.873544346568096,0.11648192771084345,0.07493583925000001
101,0.006222990834404056,6.968576010262094,0.10990243902439022,0.07492035475
102,0.0090912323060405,7.181193096581909,0.1130769230769231,0.07490776735000003
103,0.007164762122556567,7.036083514566597,0.11847571189279721,0.07488538975000002
104,0.009160434255184487,6.594963295546083,0.11529247910863516,0.07486151365000002
105,0.006260867210817038,6.744591747931993,0.11648648648648674,0.074839610575
106,0.0085685480589098,6.6534863458040485,0.1224729815638913,0.07478738785000001
107,0.007389368096174201,6.2291780637716805,0.11968882602545897,0.07473044485000002
108,0.006039337042366733,6.649418988958136,0.1187927927927927,0.0746989264
109,0.007220988555345685,6.990054788589478,0.09399999999999993,0.074682567775
110,0.01106655387694855,5.745326154407957,0.11966921119592774,0.07466043992500002
111,0.006436826882533508,5.642639523685569,0.09277227722772255,0.07463828709999999
112,0.007795793716785771,5.862101327173204,0.11698072805139201,0.07462410130000002
113,0.009815456941086083,5.538613585119687,0.12064935064934974,0.07459128415
114,0.00991391813376308,5.626448162383525,0.11856905158069875,0.07455512035
115,0.007045723551484736,5.424372453418816,0.11324921135646701,0.07453219330000001
116,0.009471257969450492,5.576611028922783,0.1147527472527474,0.07451518532500001
117,0.010049150023140654,5.748267729550798,0.10337748344370849,0.07450232320000001
118,0.006465210313116895,5.884893531121579,0.12022842639593834,0.074478871675
119,0.007843838869242808,6.150855593437696,0.11608272506082742,0.07444892665
120,0.0072106150424734675,6.447872982205938,0.10867298578199054,0.07443339220000002
121,0.008479039661919152,6.276157908566551,0.1118250950570343,0.07442155404999999
122,0.007688664827962978,5.936691128142555,0.12110871905274376,0.07439178385
123,0.007168852842028258,6.426215891521132,0.12190440627333798,0.07433514055
124,0.006230363471381985,6.678351472017793,0.1111067193675891,0.07429538035000002
125,0.006505743503644582,6.777908418411599,0.12036519871106198,0.07426580995
126,0.007540596863189319,6.950575669382659,0.1187464788732389,0.074224825975
127,0.006548152610065009,6.906129507754447,0.11244299674267128,0.0741994264
128,0.00546284308052949,7.1978864582164865,0.12102702702702589,0.07416865719999999
129,0.007664439803472935,7.172184264201384,0.11675000000000024,0.074132568325
130,0.005312945957694735,7.307057336534773,0.12059428571428478,0.0740977282
131,0.00788340774803039,7.242103427064185,0.11270588235294127,0.07406950645000003
132,0.00558008347352384,7.361039190336442,0.12228043143297398,0.074030720275
133,0.005571518271612242,7.785276425190461,0.12114871794871679,0.0739739521
134,0.00466394443682642,8.035831222728808,0.09357142857142853,0.07394715392500001
135,0.006110346441557848,7.849855273268943,0.11717054263565911,0.07393181927500003
136,0.0058609989702212385,7.89292444363989,0.09606060606060603,0.07391645965
137,0.004993924880590366,7.832033220602542,0.09510204081632653,0.073911539575
138,0.006370708536213407,7.574120967204754,0.11199999999999993,0.07390259852500002
139,0.0068238285606993096,7.2362626751491,0.12157714285714208,0.07387425190000001
140,0.00495385983045779,7.7010702037603505,0.11721132897603496,0.07384093524999999
141,0.006671689155624266,7.565741010532258,0.10490445859872592,0.07382555065
142,0.006983541671864011,7.342193208559595,0.09393939393939382,0.07381915705
143,0.006387066749418724,7.560688184232128,0.09540816326530611,0.073814236975
144,0.005435657215042456,7.496263372087942,0.1100485436893203,0.07380664457500001
145,0.007447456200493545,7.3556418959687395,0.11612195121951231,0.07379125997500001
146,0.006591581313133046,7.077779934003756,0.10409090909090891,0.073777174075
147,0.006166610345797669,7.215844552509068,0.11422442244224429,0.0737657605
148,0.005782353614331738,7.474225277547904,0.1220127287191725,0.07372679950000001
149,0.0067483763339642976,7.1548198719538565,0.1235159010600739,0.073638862525
150,0.005796883694098429,7.782099014834354,0.11371710526315792,0.07357472672500001
151,0.005092657262031905,7.969450576969835,0.1134098360655739,0.07355951695
152,0.005374082873184793,8.01611355810172,0.12209351011863252,0.0735161104
153,0.004533242054769615,8.260263243096365,0.11737991266375553,0.07346888267500001
154,0.016570863897190886,8.192493237701116,0.09686274509803916,0.07345489667499999
155,0.005434558270257208,7.293649679654605,0.1031818181818179,0.073448503075
156,0.005463827793762364,7.69992256107581,0.12074074074073987,0.07342375285000001
157,0.007912862257888684,7.431000179344124,0.11839160839160831,0.073388563075
158,0.007047984608819327,7.2553155263466556,0.12222574508560578,0.07333489180000001
159,0.009857300098519772,7.1487949132919315,0.09559999999999996,0.073293008725
160,0.006050388304184574,7.331607877006826,0.11944186046511604,0.07327440235
161,0.006626518934562399,7.455365006730363,0.12059459459459351,0.07323519160000001
162,0.005117907955057241,7.2771288048137315,0.0973636363636363,0.07320934247500001
163,0.004667509634618126,7.577402427436062,0.10937799043062202,0.07320137545
164,0.003973795427614218,7.897985681310876,0.1049999999999999,0.07319230952499998
165,0.009193509847697134,7.896228650603631,0.09323232323232315,0.07318599085000002
166,0.005756888113758684,7.500492463380227,0.11733766233766238,0.073171979875
167,0.005643187669476568,7.697998293690391,0.1207790821771602,0.07313703985
168,0.006072252632192173,7.58674986174523,0.11925811437403365,0.07309747945000002
169,0.004451354419677911,8.199486640562494,0.11621686746987964,0.073070956
170,0.004459083911661774,8.253606791448112,0.09626262626262619,0.07305811885
171,0.005850504524894814,7.9328214067952425,0.12013110846245438,0.07303469230000001
172,0.004935170962703345,8.193781106171976,0.11998646820027002,0.07299528175000002
173,0.006911307405651131,8.306282037459079,0.10364779874213828,0.07297285420000002
174,0.005625826800316772,7.9685707559772565,0.11791443850267368,0.0729548722
175,0.019701410306151957,7.302385330200195,0.09689999999999989,0.07293836372500001
176,0.006432637062389403,6.638706707954407,0.09429999999999993,0.07293336872500002
177,0.007442958391486452,6.613667830442771,0.1209846153846142,0.07290652060000002
178,0.008113059879957878,6.8589806743128,0.12167680278019055,0.07285342375000001
179,0.0066266388697974726,6.786196644540975,0.12175340272217729,0.07279348375
180,0.00948339647813035,6.771844668615432,0.10895238095238097,0.072757045225
181,0.009237320389283795,6.2190354347229,0.1148450704225353,0.07274293434999998
182,0.006461093720880131,6.513028752099503,0.11671772428884039,0.07272265465
183,0.006484107370693583,6.881798600823592,0.12082272282076266,0.0726857416
184,0.005501468239908819,7.271566336381369,0.1150837988826817,0.07265130107500001
185,0.005659831847424357,7.525905362330377,0.11783203125000011,0.07262957282500002
186,0.006362736651337602,7.538340939415826,0.11494444444444457,0.072607794625
187,0.0073736610262645315,7.326804893185394,0.09282828282828273,0.07259633110000001
188,0.006387465722821277,7.337549012116711,0.09303030303030296,0.07259138605
189,0.004766650362095485,7.521735344177637,0.10480769230769227,0.07258501742500001
190,0.011846855007952043,7.032306311177273,0.111607843137255,0.0725747527
191,0.006991727737170693,6.441443684854005,0.10414473684210517,0.072564587875
192,0.006759139817647389,6.509451562201071,0.117309941520468,0.07254797950000003
193,0.007015956353400732,6.77390432241202,0.1157212713936432,0.07252495255000001
194,0.0051832376183445425,7.353669605977803,0.12018944519621047,0.07249628125000002
195,0.005981548171376391,7.489085323956548,0.0940816326530612,0.07247537717500001
196,0.00593484097293445,7.571236946469262,0.09428571428571422,0.07247030725
197,0.008573446422815323,7.226088579310927,0.1109302325581397,0.07246124132500001
198,0.00526246131871376,7.214960112188854,0.11532846715328486,0.07244453305
199,0.007610030819211674,7.438078441367244,0.10390728476821179,0.07243049710000002
200,0.010201257009294282,6.571932291135819,0.1130744336569581,0.07241900860000001
201,0.004932005236285829,6.891617671905025,0.11329032258064536,0.07240354907500002
202,0.006030611076007018,7.339749595255551,0.11794019933554796,0.07238077187500001
203,0.006067874020341083,7.313732745682919,0.12048714479025625,0.0723472804
204,0.005184071012525167,7.488021874773329,0.11555555555555566,0.07231848422500001
205,0.006884799759088671,7.24201316376255,0.12011415525114053,0.072286266475
206,0.0058389595048869624,7.165437807010699,0.12230826507818325,0.07223084695000001
207,0.005333941896783559,7.607533605611941,0.11416893732970056,0.07218813970000001
208,0.009413937892192243,7.226894788704957,0.11097276264591452,0.0721725553
209,0.006080210460568766,7.003075493844931,0.12117493472584755,0.07213744045
210,0.0067340441638583225,7.099117017450912,0.12271270718232145,0.072063539425
211,0.004994196305674404,7.456791550020709,0.11894648829431433,0.072003399625
212,0.0069181495577881665,7.210357492168744,0.12223765432098771,0.07195609697500001
213,0.007794069987872441,6.768322244816999,0.11368932038834957,0.07191601210000001
214,0.00718266354273717,6.649617734640271,0.12040650406503997,0.07188986327500001
215,0.007166088023986906,6.9729675246713505,0.11971469329529208,0.07185392425000002
216,0.007947235558749119,7.0736009635072845,0.11513966480446931,0.071827475725
217,0.005340253743564799,7.622056396423824,0.11457142857142863,0.07181066755000001
218,0.0060213249762275135,7.82727045115858,0.095049504950495,0.07180027794999999
219,0.005540987133669357,7.8317005189259845,0.10459999999999985,0.07179400922499998
220,0.005632522084847672,7.678452329333972,0.11600973236009746,0.07177999825
221,0.00564109648541701,7.8766624219209245,0.1176893203883497,0.07175687139999999
222,0.005399608003315747,7.835988488603146,0.11835106382978729,0.071729923375
223,0.007296674488011399,7.642299675589125,0.10935960591132989,0.07171076755000003
224,0.00612277200658019,7.6146604829621545,0.11033980582524264,0.071700552775
225,0.005428783791629891,7.458839162584429,0.11891640866873018,0.071679274075
226,0.004565204377286136,7.7533994636150325,0.09353535353535344,0.0716606677
227,0.004525233916847885,7.825718907476629,0.09359223300970856,0.07165562275000001
228,0.005461991346015354,7.807119336509963,0.12043419267299786,0.07163464375
229,0.005391602340119818,7.893456564862621,0.12259546209186581,0.07157110735000002
230,0.005614184736435662,7.996650438154897,0.11217741935483869,0.071519783725
231,0.007876892201052465,7.888995194998313,0.11133858267716547,0.071507246275
232,0.007979565995847645,7.182595627845367,0.11755298651252419,0.0714879406
233,0.005402471500129444,7.282390857088393,0.10879227053140104,0.07146980875
234,0.004603675397282297,7.537030446408975,0.09242424242424223,0.0714621664
235,0.004558943847659975,7.649252080917359,0.09449999999999995,0.071457196375
236,0.005870066517014547,7.493329680662384,0.12061855670103003,0.07143289570000001
237,0.0060546939976212355,8.01133782935865,0.09333333333333323,0.07140861999999999
238,0.0051016520923946665,7.9587699521946,0.10303797468354416,0.071402201425
239,0.005443242246213327,7.893698838895233,0.12187450357426521,0.07136681185000002
240,0.005753730292256433,7.79693790498327,0.11862295081967175,0.07132013357499999
241,0.006668994186238167,7.695145045977791,0.120865603644646,0.07128297077500001
242,0.006585182045931302,7.4468132847432775,0.12090600226500475,0.07123898979999999
243,0.005779650242246654,7.571708714962005,0.12111607142857024,0.07118896487500001
244,0.006149774803006032,7.688136684147474,0.11430517711171673,0.07115182705000003
245,0.00843795197211022,7.552087053840543,0.10308641975308633,0.07113861527500001
246,0.006248498771291895,7.34700082662778,0.11294871794871814,0.07112677712500001
247,0.005941402033377107,7.584133632112257,0.10821782178217836,0.071113939975
248,0.005009496938532257,7.568594056732801,0.09214285714285696,0.07110644747499999
249,0.005601648845219316,7.7140193684410505,0.11905343511450335,0.07108764130000002
250,0.00538947204554764,7.737255474726359,0.11813333333333328,0.07105629767500002
251,0.005556121296412402,7.844285681090002,0.1110894941634244,0.07103489410000001
252,0.007272202463354915,7.573581487704546,0.11298076923076938,0.07102068332500001
253,0.005860887862411626,7.3558268758463745,0.10837438423645335,0.07100782120000002
254,0.005912187785329799,7.598147781612567,0.12287032291132914,0.07095402505000001
255,0.004783811835534495,7.471265171513413,0.09505050505050505,0.07090282630000001
256,0.0051341548705772485,7.730568798677421,0.11646913580246925,0.0708902389
257,0.005703439286626948,7.903507924547382,0.10946078431372548,0.07087502912500002
258,0.0055297940691149735,7.892016739245282,0.11327814569536432,0.07086239177499999
259,0.005794091987719485,7.8285954600868735,0.12253324002799197,0.07081916005
260,0.00831378555879062,7.396152548508258,0.11717724288840271,0.07077205719999997
261,0.012308661216187282,6.79561009916287,0.1158009708737866,0.07075035392500001
262,0.00588194989627957,6.715278648618442,0.12155783582089436,0.070713291025
263,0.006854340244561087,7.162878956052613,0.11865831842576029,0.07067255680000004
264,0.00731195388376689,7.0504729063747025,0.1226198083067099,0.0706195099
265,0.008991242030895847,6.425366504217989,0.12037037037036936,0.07055951995
266,0.006550550419496189,6.303377536988594,0.11538028169014089,0.07052974975
267,0.007422198592880287,6.612008946398242,0.1206228765571903,0.07049883069999999
268,0.005827188207530395,6.788083169338692,0.11947449768160702,0.07046061895000001
269,0.008942278877965648,6.7086506777852435,0.12042141230068236,0.070422532075
270,0.008405122913361068,6.415330820613438,0.11115079365079386,0.070394310325
271,0.0057803578559101,6.385095853983246,0.10385093167701863,0.07038399564999999
272,0.005526181839362737,7.429182136707746,0.12378076062640347,0.07031299172500002
273,0.00781695741148262,7.705758422417505,0.11645514223194768,0.0702345952
274,0.007712761192958904,7.376162039090509,0.1209360730593597,0.070201303525
275,0.005670287084321658,7.155638639500599,0.1138410596026491,0.070171882975
276,0.008630838782572356,7.327704986197049,0.11360655737704932,0.07015672315
277,0.0076667266280968285,6.873972417457311,0.11360128617363352,0.07014133855
278,0.005284005333897005,7.04405868325249,0.11377850162866454,0.07012590400000003
279,0.005226696598335614,7.409570870074359,0.11948863636363578,0.070100654275
280,0.0065377338888180075,7.68163725569074,0.11784313725490199,0.07006906090000001
281,0.0062003095162982,7.766150194695193,0.11937321937321893,0.070037517475
282,0.006828359805750756,7.5757607878470905,0.09561224489795911,0.070017537475
283,0.008254874086242567,7.537870092299378,0.09504854368932028,0.0700125175
284,0.005529671925589019,7.735625618738486,0.1180319148936169,0.069995859175
285,0.004985255211414326,7.440511367434547,0.09476190476190473,0.0699791509
286,0.006286880037607017,7.550660252146874,0.1201779359430596,0.0699554746
287,0.004235288201598451,7.988692555427551,0.09379999999999993,0.06993192317500001
288,0.004407752187182886,8.028992995120692,0.10880382775119617,0.0699242059
289,0.00995559513274645,6.986936149826969,0.12013386880856691,0.0699003298
290,0.006274282579537375,7.098893608437145,0.1226135569531803,0.06984593425000002
291,0.005917481440321907,7.291712106713926,0.10946859903381628,0.06980502520000001
292,0.0062964152945673025,7.284747007730845,0.11289575289575281,0.06979338685000001
293,0.006519918143309934,7.401967030008527,0.12022911051212884,0.069768386875
294,0.006650786314691816,7.219276770661697,0.11231660231660238,0.06974338690000004
295,0.005507629821289343,7.37803448294972,0.11384364820846914,0.06972925105
296,0.006117498240775977,7.680053043742425,0.11308300395256904,0.06971526505
297,0.006409746601569081,7.509111553198733,0.12187554019014636,0.0696800503
298,0.005984221769545179,7.503865389080791,0.12060606060605938,0.069628077325
299,0.004788944681640714,7.709025721549988,0.09529999999999993,0.06960250292500002
300,0.0076845800314472535,7.268462088071939,0.1216003787878775,0.069573631825
301,0.005324183185995721,6.8979839039783855,0.10950980392156844,0.069542163325
302,0.010560339037931757,6.699793625803827,0.11368932038834961,0.06952935115
303,0.006270674776141215,6.537827644533324,0.09747572815533975,0.06951906145
304,0.008063655415457525,6.44865011299069,0.12130963517305796,0.06948979074999999
305,0.006251438791232724,6.507386872076219,0.10580645161290302,0.06945922134999999
306,0.00574461616467618,6.870978362219674,0.11787500000000009,0.069441364225
307,0.005498337696916037,7.143743391992695,0.11737739872068237,0.06941566495000001
308,0.006033223185857589,7.201790496556446,0.09626262626262624,0.06940147915
309,0.006761775893354967,7.402543377724423,0.10554140127388524,0.06939508555000001
310,0.00811478367128165,7.069380270673873,0.11781914893617026,0.06937707857499999
311,0.0064036331205356,6.462009381766271,0.09545454545454544,0.06936052015
312,0.005992767147665077,6.715278463425979,0.11408496732026148,0.069350405275
313,0.007582461005279779,6.667722304445522,0.115040871934605,0.0693335971
314,0.006094605071940324,6.954054650365342,0.113915857605178,0.06931671399999999
315,0.006147662088724001,7.09720224790515,0.12202785030461202,0.06928030045
316,0.005281571683720971,7.71025833791616,0.09224489795918361,0.069249156625
317,0.005401776491994439,7.790419539318809,0.10322784810126573,0.06924276302499999
318,0.005578539779253781,7.736353878904446,0.10822660098522176,0.06923374705000002
319,0.005010328499465474,7.802629601737227,0.11863560732113135,0.06921366715
320,0.006345795817156912,7.791018233579748,0.12120320855614847,0.069170635225
321,0.005798316515376262,7.524339799176563,0.11961647727272645,0.06912503087500001
322,0.006032798801553997,7.927070058026567,0.11478991596638669,0.06909853240000001
323,0.006713785620534099,7.501391779207716,0.11717647058823552,0.06907687907499999
324,0.005081656654365361,7.591479172706604,0.09419999999999996,0.069061644325
325,0.00599266774202497,7.711109575318413,0.11888036809815904,0.06904286312499999
326,0.005227017831930425,7.832737694467817,0.11814285714285691,0.06901259342500003
327,0.00510944963991642,8.034481677464077,0.12071999999999909,0.0689767543
328,0.004919906478312056,8.18140345220127,0.11617433414043601,0.06894458650000002
329,0.005243092042149163,8.182189992449795,0.11918699186991813,0.068915840275
330,0.005517437906042172,7.923457266967421,0.11710982658959557,0.06888444669999999
331,0.004989586997658526,8.142989799088122,0.09431372549019605,0.06886893722500002
332,0.0047532528567376855,8.331564789951438,0.09396039603960389,0.0688638673
333,0.005899242083554842,8.15052332196917,0.11497252747252754,0.06885225392500001
334,0.005956823942835452,7.802888105153271,0.1125723472668812,0.0688353958
335,0.006617360238251226,7.656237303997026,0.11838709677419335,0.068813692525
336,0.010726629151031375,7.306796051905706,0.11119230769230776,0.068793262975
337,0.005613219894437654,7.172924157304684,0.11520891364902525,0.06877780345000002
338,0.007725109652488176,6.921735571177733,0.11708154506437778,0.06875719907500001
339,0.0069471839754316565,7.094342267091897,0.12030786773089987,0.06872365764999999
340,0.005624259290535276,7.246506695631074,0.10848780487804889,0.06869663470000001
341,0.008849435970717688,7.333321647402607,0.12011392405063206,0.068671784575
342,0.00861723747089385,6.167685913270519,0.11406451612903226,0.06864431207500003
343,0.006026383761006097,6.394866421331767,0.11379084967320278,0.06862892747499998
344,0.0065110553629567115,7.067835158190911,0.12390830235440825,0.068520511
345,0.00605334915925071,7.314887854360765,0.11729390681003585,0.06840580082500002
346,0.007525602517464543,7.283239518670731,0.12115296803652878,0.06836998667500004
347,0.005404231907574065,6.957061232942523,0.09272727272727263,0.06834563605
348,0.008086308834213785,6.874335598527339,0.11715399610136473,0.06833035135000001
349,0.00558028626137021,7.236711130229705,0.12041794087665521,0.06829303869999999
350,0.005134726981401339,7.866507965898565,0.12053937432578085,0.0682453864
351,0.005939036222977153,7.750184108172694,0.12261424731182877,0.06818507177500002
352,0.004853168811895021,8.093159565072975,0.1215894039735092,0.068117739175
353,0.004863061320277616,8.40367604452441,0.12161397670549016,0.06805754942499999
354,0.004922580849491723,8.466125220779846,0.1228653113087684,0.067988218825
355,0.0051913839230046,8.50912126724885,0.11999999999999934,0.06793050160000003
356,0.004542249845577153,8.536601640502019,0.12251343283582206,0.0678702619
357,0.004684346256528135,8.741506993941387,0.11957020057306524,0.067810996225
358,0.005309267377430379,8.63646106339045,0.11910128388017055,0.0677760562
359,0.004222552278367643,8.74086791022211,0.12063034188034083,0.06773517212499999
360,0.005093013858780838,8.731439575205204,0.12166810717372445,0.06768289945000001
361,0.0046540409223924046,8.838989235852894,0.11371710526315804,0.06764641097500002
362,0.004507424010496054,8.67739235624975,0.0942857142857142,0.06763637102500002
363,0.0041335813718030145,8.82750767577421,0.11943986820428318,0.06761876365000001
364,0.004732295265780856,8.852139745439802,0.11073359073359083,0.0675971353
365,0.00518840370904876,8.513820597860548,0.12197619047619014,0.067559198275
366,0.004945020784031261,8.531311861598928,0.12057851239669319,0.06750657595
367,0.00454953040530391,8.852619918645617,0.12278824833703017,0.067440367225
368,0.004123685828145814,9.011326788408804,0.11899848254931669,0.06737885380000001
369,0.004063313781684246,9.016636364088491,0.12182445759368705,0.067337070625
370,0.004121688850436695,9.241233360794519,0.12076309794988507,0.06728981792500001
371,0.0041539875910209245,9.062411037843619,0.12040705563093547,0.0672494833
372,0.003901187725073104,9.354636530363132,0.12150125104253491,0.0672011317
373,0.004079825195022148,9.283942495586732,0.12191148775894427,0.067144663225
374,0.0036970786275251307,9.589165679591613,0.11532033426183856,0.06710917375
375,0.004355842180625318,9.327727251902507,0.12201498751040764,0.06707021275000001
376,0.004475893650333791,9.034736394882202,0.10913461538461541,0.067035022975
377,0.003459600735154441,9.251771599638696,0.09598039215686271,0.06702728072500001
378,0.003821826712430842,9.479678842526706,0.12415658525451795,0.06691531780000001
379,0.0031897633395268406,10.141294989255396,0.09495049504950479,0.06680337985000001
380,0.003305694863131811,10.187033021565036,0.12101822079313936,0.0667775557
381,0.004667999024342706,9.853664448440716,0.11698924731182808,0.06674264065
382,0.003287952066258233,9.978102257377223,0.10532894736842083,0.06672723107499998
383,0.003607952780633544,9.95029234568278,0.11869999999999983,0.06670844987500003
384,0.0031926786822122446,9.907054732827579,0.11862745098039215,0.0666794539
385,0.003297099515973238,10.119739240827181,0.12149847094801125,0.06664094244999999
386,0.0035731921589121887,10.123646355619526,0.12179207920791969,0.06659121722500001
387,0.003188544320680712,10.19081790279676,0.12353090601185827,0.06650700152500001
388,0.0032974218371152023,10.472393570083263,0.12184021543985542,0.06642018842500001
389,0.0030626231436104274,10.450906096851341,0.11735009671179898,0.0663794542
390,0.0035658814751887203,10.25616712705407,0.1217681401167634,0.06633659709999999
391,0.0027160617767605093,10.135624272482735,0.09581632653061223,0.066304204525
392,0.0021790001265810733,10.300362568867358,0.10468354430379749,0.06629781092499998
393,0.0031886734108103596,10.322525293715877,0.1218825561312604,0.066264943825
394,0.0034903686789477025,10.276528052913333,0.11645631067961174,0.06622573307500002
395,0.0033015664896194003,10.340874325145375,0.09585858585858584,0.06621297085000001
396,0.003818952522718758,10.059097673559702,0.12108602150537531,0.066187271575
397,0.003051876765600493,10.062325397355657,0.11336569579288043,0.06615632755000002
398,0.003562799403410907,10.24311080283307,0.11930496453900623,0.06613100290000001
399,0.004047216218624121,10.089484116071851,0.1188146911519197,0.06609843550000001
400,0.004111993076352805,9.906343712526208,0.0928431372549019,0.066080928025
401,0.003133495695383637,10.185824987852847,0.11981055480378812,0.06605992405000001
402,0.003053491757137553,10.294217627698725,0.1211363636363628,0.066019489525
403,0.003408882858969962,10.232325335355597,0.12282543491301841,0.06595587820000001
404,0.0027445021816710174,10.585233118927594,0.10868932038834961,0.06590910002500001
405,0.0030246846737281884,10.622769408226013,0.10745,0.06589896017500001
406,0.003033909131918214,10.466928735362997,0.12174021648626067,0.06586397020000001
407,0.004927247037381963,10.412057552682725,0.11384868421052634,0.065826382825
408,0.009484314155084135,4.493402124627289,0.12167713004484217,0.0657909433
409,0.00648320147011704,7.686173082914668,0.11980916030534268,0.065743465825
410,0.0038383509117093954,9.918409280102662,0.09303030303030287,0.06572136294999999
411,0.004561493056197283,9.506140272912639,0.12226932668329135,0.06568884550000001
412,0.0034367773325206263,9.625700436520615,0.12161881977671375,0.065627481925
413,0.004027361374299751,9.73578844022988,0.10885572139303491,0.0655911433
414,0.0047872868274632645,9.834937708001387,0.09189473684210515,0.06558375070000001
415,0.0035820052401456786,9.81097140061228,0.09399999999999994,0.06557900545
416,0.013250129192434386,7.571552714598265,0.11982733812949599,0.06555927520000002
417,0.015934073875882113,1.1913287336855318,0.12149672591206642,0.06551521930000001
418,0.01085428970294412,5.4141024315471284,0.12027511961722395,0.065467641925
419,0.004691562475636601,7.598037997159091,0.09627272727272718,0.065444015575
420,0.009097439847491253,6.662471168332821,0.12174460431654599,0.06541349612500001
421,0.009089381757348747,6.573644594056532,0.11824218750000005,0.06537293672500002
422,0.0072046002567635456,6.693917060368939,0.11866776315789444,0.06534496472500002
423,0.006707244747296554,7.334689654597218,0.12359505955006952,0.06527316159999999
424,0.00563805147838972,8.191985253579107,0.119628482972136,0.06520040942500001
425,0.005001931829471586,8.30461838599027,0.1086124401913876,0.0651790558
426,0.004226467429949089,8.450299658352815,0.10411392405063286,0.06516988997500002
427,0.0073783285903972476,8.445732102102163,0.09459183673469386,0.06516349637499999
428,0.01178385396016455,7.761451829837847,0.10518987341772154,0.06515710277499999
429,0.006126638287213534,7.900955638269856,0.12222355050807028,0.06511137355
430,0.008514768590522026,6.906774376635026,0.11977461447212247,0.06504853645
431,0.00540254188289906,7.973811683370106,0.11895522388059697,0.06501242259999998
432,0.00558652634482338,8.230452640298562,0.12054732041048935,0.06497545960000001
433,0.004306420032403521,8.38543843263443,0.11914860681114514,0.06493742267500002
434,0.008323656773669362,8.410734028697345,0.11531855955678687,0.06491227285000001
435,0.006579804519337573,7.995299267672073,0.1197428958051415,0.06488480035
436,0.008268199080044935,7.8100665274217755,0.11678800856531066,0.06485468050000001
437,0.005828261316695192,7.555310335245219,0.0968468468468468,0.06484024495
438,0.005016247194926736,7.839152576594517,0.11681034482758637,0.06482588432500001
439,0.012955502953408507,5.154418174957868,0.11654427645788358,0.0648027325
440,0.006349831382254744,7.587290633714958,0.12077669902912488,0.06476801725000002
441,0.005322630227996551,7.554888845364447,0.11640586797066028,0.06473465065000002
442,0.00510059106728622,7.984916091071613,0.1215432649420149,0.06469643890000001
443,0.005794349608976128,8.345832475253514,0.11937142857142787,0.064650959425
444,0.003935966228382671,8.226276536293218,0.10857142857142876,0.064628407
445,0.0066043399039520025,8.23420679415756,0.12075107296137233,0.064600060375
446,0.0053035457076846945,7.629831717938793,0.09438775510204074,0.06457433612499999
447,0.005475401937822843,7.964120940606397,0.12322368421052839,0.064518741775
448,0.005366735774053571,8.461742709477743,0.11899999999999984,0.064450609975
449,0.0037046037618823063,8.784543189635643,0.11723076923076935,0.06442263797499999
450,0.006235768012851533,8.734156603493341,0.11852134146341416,0.064393267375
451,0.0051612928575607685,8.20109023987872,0.10333333333333326,0.06437291275000001
452,0.005053571664762541,8.300062461177548,0.12088024564994737,0.06434454115000002
453,0.0048675660681413505,8.59661114701947,0.1171650485436895,0.06430727845000003
454,0.004013976319081736,8.759512706152721,0.11154440154440161,0.0642879478
455,0.003994707466678365,8.847415266473309,0.11395424836601309,0.064273836925
456,0.0037143975304266843,9.068746114514537,0.0935051546391751,0.064263772
457,0.005869053094198253,8.678702636947477,0.12117886178861675,0.064236774025
458,0.007080823734122181,7.834145553323753,0.11177606177606181,0.06420573010000001
459,0.005837908752108387,8.04611583252798,0.12329139406140105,0.06414963625
460,0.004101974934205458,8.752243120856527,0.11900459418070393,0.06408370225000001
461,0.0035199728910811244,9.118033428192138,0.09339999999999991,0.064064896075
462,0.005598509796120429,8.540985581869727,0.12262705798138934,0.06402750850000001
463,0.003881794083722948,9.013568749022541,0.12206513105639386,0.0639611749
464,0.00392826214113029,9.365272445604205,0.11740234375000018,0.063916944175
465,0.003831170769541786,9.491441137705866,0.12149209486165896,0.063878882275
466,0.004689082242971794,9.27496708626355,0.12203463203463145,0.06382476145000002
467,0.002687757872871915,9.082639596172582,0.09252336448598104,0.063793243
468,0.003942875645589083,9.155757865905763,0.09559999999999992,0.063788073175
469,0.005812938043148806,8.772946142406495,0.1179967159277502,0.06377036590000003
470,0.006111950626920166,8.776704621280796,0.12064562410329938,0.06373774855
471,0.018301607582252473,8.318774743080139,0.09659999999999995,0.06371784347500001
472,0.007409339384511631,7.889721988906661,0.12189400521285777,0.06368659974999999
473,0.0072050040398673335,7.87880453202281,0.12113207547169721,0.06363005634999999
474,0.008114303035351137,7.45820796642548,0.11445512820512821,0.063594466975
475,0.005490864087360058,7.261111442156678,0.11279693486590033,0.06358015630000001
476,0.004565680724231491,7.739434232192216,0.11720562390158179,0.06355942704999999
477,0.006529196142219007,7.924416465759277,0.09539999999999985,0.063542718775
478,0.006203823109841815,8.019183584465097,0.12120777891504499,0.0635158207
479,0.004900356968484667,7.772715364183698,0.09602040816326525,0.06348897257500001
480,0.010705713401263466,7.638894801237146,0.09520408163265295,0.063484077475
481,0.00479037040659539,7.9034334001238635,0.11869782971619336,0.0634666699
482,0.015151941159274429,8.188418013708931,0.09499999999999997,0.063449262325
483,0.006402508135835836,7.552781437997984,0.12290941811637802,0.06340518145
484,0.004102209233678877,7.70351748113279,0.09481481481481456,0.063360850825
485,0.006072515867906335,7.623970470801303,0.12096707818929932,0.06333387782500001
486,0.004463897417544534,7.844851958124261,0.10578947368421035,0.06330580592499999
487,0.005438296195935936,7.983885895542024,0.11624697336561753,0.06329169505
488,0.0052478604759375975,8.228576231157124,0.11407766990291267,0.0632736631
489,0.005541594562265407,8.220259309972374,0.09766990291262126,0.06326337340000002
490,0.004981722858501598,7.9534870052337645,0.09659999999999996,0.063258303475
491,0.0060685716858832756,7.982614718624047,0.1204071246819331,0.063236175625
492,0.0063801249744550835,7.6341652753959846,0.12229390681003645,0.06318170515
493,0.006575519291682776,7.6301955032862745,0.1202291105121287,0.063128333575
494,0.005801340313953669,7.711708504039648,0.1174017467248909,0.06309836357500001
495,0.005739897809095909,7.824664422443935,0.0953061224489795,0.063084477475
496,0.009657747627768134,7.514020005050971,0.09734693877551014,0.063079582375
497,0.005926440063453579,7.425142674796326,0.11570621468926552,0.06306829367500003
498,0.00603732423943756,7.41113638626018,0.11829225352112668,0.063045266725
499,0.0055132985699503706,7.7105688221600595,0.09489795918367346,0.063028633375
500,0.0052126117391895705,7.9714358853929825,0.11141221374045811,0.063019642375
501,0.0059243237208907625,7.86032067154135,0.11719642857142862,0.062999112925
502,0.005939538493331471,7.838334385896149,0.11714285714285735,0.0629723647
503,0.006676492265505538,7.838132665495668,0.11881188118811872,0.06294446762500001
504,0.008840397175164053,7.554374421811572,0.11152941176470603,0.06292296415000001
505,0.0052692279350799575,7.634207626127861,0.11419718309859163,0.06290772939999999
506,0.007115421923997755,7.334629815637523,0.12238628411476608,0.06286317400000001
507,0.004493574806049501,7.579161323119547,0.1091121495327103,0.062822140075
508,0.003470323013085036,8.055553000706892,0.11314102564102568,0.06280900322499999
509,0.004872835936666225,8.32946874605899,0.10450331125827805,0.06279743980000001
510,0.005363282528326391,8.315346250450034,0.11777533039647575,0.062782329925
511,0.004658719342983057,8.401280698468609,0.1042580645161289,0.06276712015
512,0.0057615019756069395,8.049847788471244,0.1225146962769437,0.06272501230000001
513,0.004109702037590652,8.455046450480436,0.11250000000000018,0.06267898337500001
514,0.0043416822622900225,8.795666631483874,0.11307947019867573,0.062663648725
515,0.005655876806476939,8.387543044623628,0.11948247078464094,0.06264114625
516,0.005008348887346589,8.235945929785142,0.11637339055794009,0.062614547875
517,0.005664625930379555,8.401674287037183,0.11580645161290352,0.06259129615000002
518,0.0042164630076783425,8.583113769493481,0.10727722772277239,0.06257463782499999
519,0.003899808155983919,8.639428406953812,0.10487499999999994,0.062565596875
520,0.004665007128951942,8.70987569223536,0.0921782178217821,0.06255907840000001
521,0.004554016580560451,8.670967362707074,0.12374819520647651,0.06247006750000001
522,0.00425643657993562,8.911852555483453,0.11905500705218547,0.06236587179999999
523,0.005543175450035938,8.7308896033468,0.12031383737517763,0.06233065705
524,0.004489384138525197,8.759070744038384,0.12283676703645145,0.0622658719
525,0.004411130853113719,9.029028749465942,0.1185166666666665,0.06220360922500002
526,0.0067854287860083205,8.179646992914885,0.11654368932038858,0.06217576210000002
527,0.009571949103495703,7.891699350105141,0.10858490566037737,0.062157605275
528,0.006834763334552338,7.234285658532446,0.11646153846153864,0.06214094695000001
529,0.007760106529985933,7.795436892658472,0.11128906250000016,0.06212318972499999
530,0.0053492444567382336,7.650740045489687,0.09222222222222208,0.06211432360000001
531,0.005089424536563456,7.732446436882019,0.09439999999999993,0.062109353575000005
532,0.006941253453402257,7.530438478981576,0.10809756097560975,0.0621017362
533,0.006860647977700763,7.558957547530491,0.11454038997214494,0.062087650300000005
534,0.004751680653462412,7.769458596228093,0.11888208269525204,0.0620623756
535,0.006214852544252534,7.768774464323714,0.12027027027026961,0.06202758542500001
536,0.005406809126567676,7.931625357811367,0.12251355013550136,0.061972240825000004
537,0.005151716964812589,7.982572375234548,0.12117312072892841,0.06191344967500001
538,0.00600184505378517,7.902272001107534,0.11773333333333316,0.06187653662500002
539,0.006115672539893257,7.992009421564498,0.10750000000000001,0.061856256925
540,0.005557653700400676,7.907681591033936,0.12052571428571332,0.0618291091
541,0.005491176644719137,7.874060875616032,0.12198268398268355,0.06177840985000001
542,0.005884089807370575,8.06855196168978,0.12085616438356073,0.06172768562500001
543,0.004891113641744474,8.21354688973812,0.11501392757660178,0.06169684149999999
544,0.004531332753776699,8.412372791205748,0.1146814404432135,0.06167885949999998
545,0.004178511160787521,8.59962488378136,0.09407766990291257,0.061667271100000004
546,0.0064110116134432965,8.127220045436513,0.11045454545454558,0.06165810527500001
547,0.007730811045039445,8.071318373680114,0.09429999999999997,0.06164901437500001
548,0.004828190649997922,8.243597847400325,0.09445544554455443,0.0616439944
549,0.005426580364315367,8.13938493014657,0.12040106951871593,0.061622790625000014
550,0.005570481393553327,8.333295605104903,0.11985054347826009,0.06158572772500001
551,0.0062330303402586265,8.059353915249266,0.11414565826330555,0.06155843005
552,0.0051460210442504225,8.20693189462026,0.12159999999999908,0.061519543975000014
553,0.0048650966693163334,8.367974964600036,0.11516759776536332,0.06148063292500002
554,0.003992251954041421,8.65019947052002,0.09489999999999993,0.061469194375
555,0.004945541764518803,8.473144912616515,0.12075757575757468,0.06144361997500001
556,0.004639808233357192,8.481962994100966,0.11555555555555573,0.06141020342499999
557,0.0046989165827995396,8.622942419284728,0.12109268292682798,0.061374264399999996
558,0.005445337909604745,8.528088454180544,0.11323899371069193,0.06134072297499999
559,0.005946320717921481,8.405074834823608,0.09259999999999985,0.06133028342499999
560,0.006063114099184231,8.209775317495115,0.12233644859813082,0.061295718024999994
561,0.004980087633496926,8.223434153795242,0.12148333333333265,0.061233680124999995
562,0.004846327886638493,8.770136340753114,0.11934566145092403,0.061186152699999996
563,0.004732756339248938,8.497677354708962,0.11999999999999926,0.06115021367500001
564,0.004542614274963572,8.582317725357601,0.11528925619834719,0.06112276615000002
565,0.009759873657342533,7.815420436143032,0.11759717314487633,0.061099564375000005
566,0.01645491878355571,3.2174182977904096,0.11505617977528099,0.061076537424999994
567,0.011224950299541044,4.88458754963049,0.11486033519553084,0.06105870527500001
568,0.009113578887011569,5.66567934017915,0.10874999999999999,0.061044569425
569,0.011558360576576653,5.62713216952735,0.11660831509846842,0.061027961049999996
570,0.009496257352754186,5.591112797324722,0.11718146718146741,0.06100361042500001
571,0.006807352231797016,6.526500456403978,0.09405940594059398,0.0609881509
572,0.01577738560610015,4.36418299663243,0.1155172413793106,0.06097548857499999
573,0.009089109632663253,4.506605933031698,0.1102362204724412,0.060959005074999996
574,0.016133330963874377,5.575216430884141,0.09548076923076923,0.060950064025
575,0.010919734953215928,3.0909811174026642,0.09363636363636366,0.060944994100000004
576,0.00714687796560331,5.631499472031226,0.11230769230769229,0.06093602807500001
577,0.011662810918058248,4.576493564932863,0.11401294498381892,0.060921817300000014
578,0.011531232719808215,4.962304411512433,0.09424242424242422,0.06091162750000001
579,0.010254753877388988,5.370739353826343,0.11924012158054663,0.060892721425
580,0.0076067539008512885,6.7560287403733765,0.11515068493150697,0.06086717199999999
581,0.005713735705770888,7.287812550748853,0.12225483178239124,0.06082316605000001
582,0.008987692193277146,6.8445402798213735,0.12117962466487854,0.06076032895000001
583,0.005571759949060212,7.026844270158522,0.09673267326732662,0.06072985944999999
584,0.007165934052530481,7.028927773169341,0.12082004555808554,0.060705408925
585,0.00590491800583865,7.109648865468146,0.12076396807297489,0.060661577799999984
586,0.006198586312247746,7.5714794104587755,0.12039348710990441,0.06062126815
587,0.004724471845766777,7.800712931745406,0.11072243346007603,0.06059629315
588,0.004771025676159938,7.995117483523068,0.11832214765100661,0.06057483962499999
589,0.005960655799324667,8.214055286446198,0.11005076142131986,0.060555034449999996
590,0.004564854030564697,8.168959626806787,0.1165301204819277,0.06053974975
591,0.010226043129814642,7.26089983756148,0.11799212598425204,0.06051669782500001
592,0.005402283212780413,7.8806476413676165,0.1232079646017718,0.06045885572500001
593,0.0045836754244910835,7.912322324436304,0.11788209606986899,0.060402262374999995
594,0.005309572414932816,8.043492722987397,0.11953917050691223,0.060374565100000006
595,0.004175699491752311,7.995938854217529,0.09689999999999996,0.060355808875
596,0.005698202857747674,8.068883767127991,0.09699999999999998,0.060350813875000006
597,0.004762636587256566,8.027208333015443,0.09749999999999995,0.060345818875000005
598,0.004958326094007741,8.198611952463786,0.11883333333333304,0.06032833637500003
599,0.005053001941947849,8.531425896969587,0.12275139664804521,0.060277587174999994
600,0.004049871891441912,8.46819000432987,0.0977227722772277,0.060239300500000016
601,0.003764347209058818,8.716908237813511,0.11815175097276263,0.060223940875
602,0.005434616545790831,8.463957369071732,0.11697424892703873,0.060199465375000004
603,0.006374808944201504,8.204393642023206,0.11238281250000003,0.06018143342500001
604,0.004686553921440945,8.118359261868047,0.09735294117647054,0.06017249237500002
605,0.004657101801428577,8.364536668508567,0.12295098534613601,0.0601205194
606,0.0034961459706678534,8.761516860037139,0.09656565656565652,0.06006862135000001
607,0.0035634335329863087,8.80962737325276,0.11052631578947351,0.06006092905000001
608,0.003411180124741656,8.95531196983493,0.09530612244897954,0.060053261724999994
